date,date,close,high,low,open,volume,Underlying_date,Underlying_close,Underlying_high,Underlying_low,Underlying_open,Underlying_volume
2019-07-25,2019-07-25,2.83,2.91,2.71,2.8,524.0,2019-07-25,22.2,22.6,21.66,21.66,29862313.0
2019-07-26,2019-07-26,2.56,2.56,2.42,2.48,257.0,2019-07-26,21.64,21.83,21.46,21.79,18901474.0
2019-07-29,2019-07-29,2.68,2.68,2.51,2.58,576.0,2019-07-29,21.83,22.0,21.59,21.69,16615858.0
2019-07-30,2019-07-30,3.02,3.02,2.74,2.89,137.0,2019-07-30,22.34,22.47,21.94,22.26,23460651.0
2019-07-31,2019-07-31,3.5,3.5,2.84,2.91,56.0,2019-07-31,23.59,24.34,21.93,22.31,53038065.0
2019-08-01,2019-08-01,4.25,5.52,3.15,3.55,100.0,2019-08-01,25.45,26.14,22.555,23.64,109087195.0
2019-08-02,2019-08-02,5.55,5.82,5.0,5.0,382.0,2019-08-02,25.66,26.69,25.27,25.5,71310504.0
2019-08-05,2019-08-05,8.0,8.0,6.45,6.52,256.0,2019-08-05,29.3,29.625,27.28,27.47,86663392.0
2019-08-06,2019-08-06,7.32,7.7,6.83,6.86,5.0,2019-08-06,27.48,29.67,27.48,28.22,59849382.0
2019-08-07,2019-08-07,6.58,8.5,6.58,8.49,4.0,2019-08-07,27.62,30.09,27.48,29.44,54533993.0
2019-08-12,2019-08-12,6.45,6.45,6.45,6.45,1.0,2019-08-12,28.89,28.99,27.25,27.35,28752436.0
2019-08-13,2019-08-13,5.9,5.93,5.9,5.9,15.0,2019-08-13,26.76,29.4,26.71,29.35,41956617.0
2019-08-14,2019-08-14,8.65,8.65,7.04,7.04,18.0,2019-08-14,30.465,30.5,28.07,28.59,67110934.0
2019-08-15,2019-08-15,8.55,8.91,8.55,8.91,21.0,2019-08-15,29.67,31.0,29.3715,29.72,39376746.0
2019-08-16,2019-08-16,6.82,7.3,6.82,7.3,21.0,2019-08-16,28.03,29.14,27.96,29.09,27556919.0
2019-08-19,2019-08-19,5.5,5.5,5.5,5.5,4.0,2019-08-19,25.98,26.9965,25.88,26.85,28490840.0
2019-08-20,2019-08-20,5.55,5.55,5.05,5.05,4.0,2019-08-20,26.6,26.79,26.01,26.26,27521918.0
2019-08-21,2019-08-21,4.45,4.75,4.45,4.75,73.0,2019-08-21,25.3,25.73,25.25,25.53,28577472.0
2019-08-22,2019-08-22,4.85,5.2,4.4,4.45,174.0,2019-08-22,25.75,26.4599,25.075,25.09,31157200.0
2019-08-23,2019-08-23,7.4,7.4,6.57,6.57,73.0,2019-08-23,28.96,29.46,25.46,26.63,78293234.0
2019-08-26,2019-08-26,7.08,7.3,6.9,6.9,109.0,2019-08-26,28.1,28.97,27.44,27.53,32372753.0
2019-08-27,2019-08-27,7.3,7.3,6.24,6.24,44.0,2019-08-27,28.67,29.39,27.54,27.63,26681523.0
2019-08-28,2019-08-28,6.88,7.7,6.88,7.7,4.0,2019-08-28,28.02,29.75,28.0,29.33,28005357.0
2019-08-29,2019-08-29,5.31,5.6,5.31,5.6,3.0,2019-08-29,26.85,27.44,26.58,27.18,28752821.0
2019-08-30,2019-08-30,5.58,6.1,5.58,6.1,101.0,2019-08-30,27.0,27.64,26.3,26.3,28129769.0
2019-09-03,2019-09-03,6.6,6.74,6.6,6.74,201.0,2019-09-03,28.19,28.45,27.52,28.0,36077100.0
2019-09-04,2019-09-04,4.98,5.47,4.98,5.36,28.0,2019-09-04,26.45,27.59,26.43,27.09,36600867.0
2019-09-05,2019-09-05,4.15,4.4,4.02,4.4,83.0,2019-09-05,25.47,25.85,25.15,25.79,41559964.0
2019-09-06,2019-09-06,3.65,4.05,3.58,4.05,30.0,2019-09-06,24.72,25.315,24.6,25.14,30572398.0
2019-09-09,2019-09-09,3.35,3.75,3.17,3.2,66.0,2019-09-09,24.48,25.14,24.22,24.27,31222789.0
2019-09-10,2019-09-10,3.45,3.87,3.3,3.87,49.0,2019-09-10,24.4,25.18,24.34,24.82,29914315.0
2019-09-11,2019-09-11,2.96,3.12,2.85,3.05,100.0,2019-09-11,24.02,24.46,23.86,24.37,33546901.0
2019-09-12,2019-09-12,2.48,2.79,2.38,2.75,237.0,2019-09-12,23.45,23.9,23.17,23.57,42894510.0
2019-09-13,2019-09-13,2.38,2.53,2.18,2.38,509.0,2019-09-13,23.08,23.33,22.82,23.16,32599380.0
2019-09-16,2019-09-16,2.62,2.76,2.35,2.76,498.0,2019-09-16,23.42,23.67,23.01,23.6,27943659.0
2019-09-17,2019-09-17,2.48,2.7,2.48,2.59,127.0,2019-09-17,23.31,23.73,23.29,23.49,25161317.0
2019-09-18,2019-09-18,2.0,2.73,2.0,2.42,670.0,2019-09-18,22.56,23.6915,22.5,23.1,54380388.0
2019-09-19,2019-09-19,1.75,1.84,1.57,1.8,1271.0,2019-09-19,22.15,22.315,21.8,22.25,33074777.0
2019-09-20,2019-09-20,2.35,2.59,1.57,1.6,1002.0,2019-09-20,23.29,23.48,21.83,21.92,38357372.0
2019-09-23,2019-09-23,2.04,2.47,1.91,2.38,325.0,2019-09-23,23.09,23.44,22.7,23.38,23116668.0
2019-09-24,2019-09-24,2.99,3.08,1.79,1.85,475.0,2019-09-24,24.16,24.34,22.45,22.52,63880942.0
2019-09-25,2019-09-25,2.36,3.55,2.34,2.96,278.0,2019-09-25,23.61,24.97,23.4,24.1,43369035.0
2019-09-26,2019-09-26,2.35,2.84,2.35,2.49,277.0,2019-09-26,23.81,24.26,23.53,23.55,31422590.0
2019-09-27,2019-09-27,3.01,3.45,2.24,2.42,215.0,2019-09-27,24.46,25.115,23.38,23.51,54237460.0
2019-09-30,2019-09-30,2.37,2.52,2.2,2.5,238.0,2019-09-30,23.74,24.21,23.48,24.18,24118716.0
2019-10-01,2019-10-01,3.24,3.25,1.81,1.87,630.0,2019-10-01,24.79,24.8,23.05,23.13,48062831.0
2019-10-02,2019-10-02,4.63,4.85,3.68,3.68,333.0,2019-10-02,26.45,26.76,25.47,25.48,84176579.0
2019-10-03,2019-10-03,3.6,5.05,3.6,4.6,438.0,2019-10-03,25.44,27.1,25.43,26.36,51516387.0
2019-10-04,2019-10-04,2.32,3.24,2.32,3.21,332.0,2019-10-04,24.09,25.27,24.05,25.25,29824933.0
2019-10-07,2019-10-07,2.62,2.81,2.05,2.6,462.0,2019-10-07,24.27,24.68,23.76,24.42,29089980.0
2019-10-08,2019-10-08,4.39,4.39,3.1,3.3,373.0,2019-10-08,26.24,26.27,24.93,25.2,49469482.0
2019-10-09,2019-10-09,3.2,3.57,3.2,3.55,51.0,2019-10-09,25.36,25.83,24.76,25.45,30012701.0
2019-10-10,2019-10-10,2.59,3.2,2.52,3.2,165.0,2019-10-10,24.43,25.4,24.355,25.32,34818530.0
2019-10-11,2019-10-11,1.39,1.9,1.16,1.9,1074.0,2019-10-11,23.02,23.82,22.62,23.7,74386222.0
2019-10-14,2019-10-14,0.75,1.39,0.7,1.39,1060.0,2019-10-14,22.27,23.11,22.24,23.09,30104234.0
2019-10-15,2019-10-15,0.41,0.53,0.31,0.51,3712.0,2019-10-15,21.69,21.9,21.36,21.84,46193742.0
2019-10-16,2019-10-16,0.18,0.42,0.18,0.39,3930.0,2019-10-16,21.42,21.88,21.37,21.66,28359123.0
2019-10-17,2019-10-17,0.09,0.17,0.08,0.13,4444.0,2019-10-17,21.29,21.43,20.965,21.21,26156003.0
2019-10-18,2019-10-18,0.02,0.11,0.01,0.08,10493.0,2019-10-18,21.24,21.76,21.03,21.38,32607762.0
