date,Underlying_date,Underlying_close,Underlying_high,Underlying_low,Underlying_open,Underlying_volume,20.0_close,20.0_high,20.0_low,20.0_open,20.0_volume,21.0_close,21.0_high,21.0_low,21.0_open,21.0_volume,21.5_close,21.5_high,21.5_low,21.5_open,21.5_volume,22.0_close,22.0_high,22.0_low,22.0_open,22.0_volume,22.5_close,22.5_high,22.5_low,22.5_open,22.5_volume,23.0_close,23.0_high,23.0_low,23.0_open,23.0_volume,23.5_close,23.5_high,23.5_low,23.5_open,23.5_volume,24.0_close,24.0_high,24.0_low,24.0_open,24.0_volume,24.5_close,24.5_high,24.5_low,24.5_open,24.5_volume,25.0_close,25.0_high,25.0_low,25.0_open,25.0_volume,25.5_close,25.5_high,25.5_low,25.5_open,25.5_volume,26.0_close,26.0_high,26.0_low,26.0_open,26.0_volume,26.5_close,26.5_high,26.5_low,26.5_open,26.5_volume,27.0_close,27.0_high,27.0_low,27.0_open,27.0_volume,27.5_close,27.5_high,27.5_low,27.5_open,27.5_volume,28.0_close,28.0_high,28.0_low,28.0_open,28.0_volume,28.5_close,28.5_high,28.5_low,28.5_open,28.5_volume,29.0_close,29.0_high,29.0_low,29.0_open,29.0_volume,29.5_close,29.5_high,29.5_low,29.5_open,29.5_volume
2019-05-06,2019-05-06,26.86,28.22,26.66,27.96,43610349.0,0.22,0.23,0.22,0.23,275.0,,,,,,,,,,,0.69,0.69,0.61,0.67,694.0,,,,,,1.11,1.11,0.92,1.02,129.0,,,,,,1.35,1.44,1.18,1.27,161.0,,,,,,2.04,2.05,1.62,1.82,224.0,,,,,,2.56,2.64,2.23,2.37,585.0,,,,,,3.15,3.25,2.78,3.05,148.0,,,,,,3.68,3.7,3.35,3.63,115.0,,,,,,4.05,4.35,4.05,4.3,57.0,,,,,
2019-05-07,2019-05-07,31.33,32.07,28.14,28.41,85493717.0,0.12,0.19,0.12,0.15,136.0,0.23,0.3,0.23,0.3,9213.0,,,,,,0.31,0.47,0.31,0.42,10178.0,,,,,,0.52,0.79,0.49,0.79,13681.0,,,,,,0.91,1.12,0.66,1.12,23.0,,,,,,1.09,1.59,0.98,1.59,102.0,,,,,,1.39,2.14,1.3,2.14,277.0,,,,,,2.09,2.7,1.67,2.7,378.0,,,,,,2.22,3.2,2.19,3.2,665.0,,,,,,2.74,3.7,2.66,3.7,556.0,,,,,
2019-05-08,2019-05-08,30.71,31.54,29.61,30.99,44684771.0,0.18,0.2,0.18,0.2,25.0,0.26,0.28,0.23,0.23,2305.0,,,,,,0.36,0.46,0.36,0.37,1208.0,,,,,,0.57,0.7,0.55,0.55,1721.0,,,,,,0.85,1.0,0.76,0.76,99.0,,,,,,1.17,1.31,1.09,1.1,295.0,,,,,,1.58,1.58,1.4,1.4,44.0,,,,,,1.97,2.13,1.84,1.84,135.0,,,,,,2.47,2.7,2.25,2.41,203.0,,,,,,2.95,3.3,2.8,2.8,431.0,,,,,
2019-05-09,2019-05-09,30.55,33.29,30.46,32.4,60451039.0,0.12,0.12,0.08,0.08,77.0,0.22,0.22,0.22,0.22,236.0,,,,,,0.35,0.35,0.26,0.27,261.0,,,,,,0.56,0.58,0.37,0.37,572.0,,,,,,0.7,0.77,0.54,0.59,56.0,,,,,,1.08,1.08,0.78,1.0,211.0,,,,,,1.39,1.46,1.06,1.2,159.0,,,,,,1.73,1.86,1.39,1.81,88.0,,,,,,2.4,2.4,1.81,1.96,342.0,,,,,,2.95,3.0,2.21,2.4,522.0,,,,,
2019-05-10,2019-05-10,28.19,31.6399,28.19,30.88,60955834.0,0.16,0.17,0.12,0.12,14.0,0.26,0.26,0.2,0.2,27.0,,,,,,0.52,0.52,0.35,0.35,18.0,,,,,,0.8,0.8,0.49,0.52,447.0,,,,,,1.1,1.1,0.75,0.78,486.0,,,,,,1.41,1.53,0.99,1.2,158.0,,,,,,1.88,2.0,1.34,1.35,58.0,,,,,,2.5,2.5,1.69,1.86,291.0,,,,,,3.05,3.09,2.15,2.59,514.0,,,,,,3.75,3.75,2.57,2.85,425.0,,,,,
2019-05-13,2019-05-13,32.45,32.59,30.82,31.67,60055151.0,0.09,0.11,0.09,0.11,42.0,0.18,0.18,0.18,0.18,2.0,,,,,,0.27,0.27,0.25,0.27,68.0,,,,,,0.46,0.49,0.38,0.47,455.0,,,,,,0.57,0.71,0.56,0.67,777.0,,,,,,0.74,0.97,0.74,0.97,122.0,,,,,,1.09,1.32,1.05,1.24,161.0,,,,,,1.44,1.71,1.4,1.65,228.0,,,,,,1.7,2.17,1.7,2.06,563.0,,,,,,2.2,2.82,1.7,2.82,866.0,,,,,
2019-05-14,2019-05-14,30.65,31.44,30.23,31.24,36854411.0,0.1,0.1,0.1,0.1,147.0,0.19,0.19,0.19,0.19,1.0,,,,,,0.3,0.31,0.3,0.31,7.0,,,,,,0.48,0.5,0.45,0.48,115.0,,,,,,0.73,0.74,0.66,0.7,357.0,,,,,,0.95,1.03,0.92,0.92,141.0,,,,,,1.27,1.36,1.22,1.22,38.0,,,,,,1.75,1.8,1.67,1.7,37.0,,,,,,2.11,2.25,2.1,2.1,125.0,,,,,,2.63,2.75,2.6,2.68,381.0,,,,,
2019-05-15,2019-05-15,29.36,31.7179,29.27,31.5,32088264.0,0.14,0.14,0.12,0.12,17.0,0.22,0.22,0.22,0.22,35.0,,,,,,0.32,0.32,0.24,0.24,58.0,,,,,,0.56,0.56,0.38,0.41,220.0,,,,,,0.8,0.8,0.57,0.57,2268.0,,,,,,1.16,1.16,0.87,0.87,225.0,,,,,,1.55,1.55,1.34,1.34,9.0,,,,,,1.98,2.03,1.46,1.46,66.0,,,,,,2.53,2.53,1.85,1.86,1829.0,,,,,,3.1,3.1,2.3,2.3,355.0,,,,,
2019-05-16,2019-05-16,28.1,29.1499,27.91,29.13,31128917.0,0.14,0.17,0.14,0.14,169.0,0.28,0.29,0.25,0.25,5150.0,,,,,,0.47,0.48,0.47,0.47,165.0,,,,,,0.73,0.74,0.67,0.7,2838.0,,,,,,1.04,1.08,0.88,0.88,245.0,,,,,,1.42,1.48,1.2,1.2,238.0,,,,,,1.94,1.95,1.81,1.81,312.0,,,,,,2.47,2.48,2.32,2.32,77.0,,,,,,3.05,3.1,2.72,2.72,586.0,,,,,,3.75,3.75,3.2,3.2,148.0,,,,,
2019-05-17,2019-05-17,28.52,29.26,27.73,29.24,43742319.0,0.18,0.18,0.14,0.14,135.0,0.27,0.3,0.24,0.24,423.0,,,,,,0.51,0.51,0.4,0.4,11.0,,,,,,0.71,0.8,0.69,0.71,1079.0,,,,,,1.03,1.13,0.86,0.86,39.0,,,,,,1.39,1.57,1.39,1.44,32.0,,,,,,1.92,2.05,1.77,1.77,800.0,,,,,,2.4,2.62,2.1,2.1,86.0,,,,,,3.0,3.25,2.73,2.73,184.0,,,,,,3.55,3.83,3.53,3.65,20.0,,,,,
2019-05-20,2019-05-20,28.94,29.8,28.4,29.31,32737337.0,0.11,0.12,0.1,0.12,12.0,0.22,0.23,0.22,0.22,56.0,,,,,,0.36,0.41,0.33,0.35,177.0,,,,,,0.59,0.64,0.5,0.5,417.0,,,,,,0.91,0.97,0.78,0.78,266.0,,,,,,1.26,1.35,1.1,1.18,329.0,,,,,,1.61,1.8,1.6,1.6,75.0,,,,,,2.16,2.28,1.95,2.1,44.0,,,,,,2.9,2.9,2.56,2.66,153.0,,,,,,3.43,3.45,3.14,3.25,800.0,,,,,
2019-05-21,2019-05-21,27.48,28.02,27.39,28.0,23455232.0,0.15,0.15,0.13,0.15,106.0,0.27,0.28,0.26,0.26,30.0,,,,,,0.48,0.48,0.41,0.41,75.0,,,,,,0.76,0.77,0.71,0.76,72.0,,,,,,1.13,1.16,1.07,1.1,791.0,,,,,,1.6,1.6,1.49,1.55,437.0,,,,,,2.1,2.1,1.95,2.05,76.0,,,,,,2.7,2.7,2.5,2.54,216.0,,,,,,3.35,3.35,3.14,3.2,36.0,,,,,,4.0,4.0,3.65,3.84,62.0,,,,,
2019-05-22,2019-05-22,27.22,27.69,26.93,27.6,28075437.0,0.16,0.16,0.14,0.15,125.0,0.3,0.3,0.27,0.28,115.0,,,,,,0.52,0.54,0.46,0.47,3153.0,,,,,,0.85,0.85,0.76,0.76,92.0,,,,,,1.25,1.25,1.1,1.1,3706.0,,,,,,1.66,1.66,1.54,1.56,248.0,,,,,,2.04,2.12,2.04,2.1,103.0,,,,,,2.82,2.83,2.58,2.67,466.0,,,,,,3.38,3.4,3.23,3.23,48.0,,,,,,4.14,4.14,3.95,3.95,67.0,,,,,
2019-05-23,2019-05-23,29.02,29.5,28.25,28.25,42745667.0,0.1,0.1,0.1,0.1,4.0,0.21,0.21,0.21,0.21,1.0,,,,,,0.32,0.38,0.31,0.38,616.0,,,,,,0.55,0.62,0.52,0.6,374.0,,,,,,0.84,0.95,0.8,0.9,839.0,,,,,,1.19,1.29,1.12,1.26,144.0,,,,,,1.6,1.77,1.56,1.77,222.0,,,,,,2.08,2.33,2.01,2.3,275.0,,,,,,2.64,2.86,2.54,2.85,381.0,,,,,,3.3,3.5,3.18,3.35,113.0,,,,,
2019-05-24,2019-05-24,28.42,28.8,27.88,28.17,24589353.0,0.09,0.16,0.09,0.16,44.0,0.2,0.23,0.19,0.23,79.0,,,,,,0.34,0.41,0.33,0.41,2157.0,,,,,,0.58,0.66,0.55,0.66,122.0,,,,,,0.92,0.98,0.83,0.86,65.0,,,,,,1.33,1.42,1.22,1.42,129.0,,,,,,1.75,1.88,1.7,1.88,1078.0,,,,,,2.3,2.47,2.2,2.47,30.0,,,,,,2.92,3.1,2.71,3.01,189.0,,,,,,3.5,3.76,3.35,3.66,94.0,,,,,
2019-05-28,2019-05-28,29.27,29.27,27.76,28.22,22138340.0,0.07,0.08,0.07,0.08,5.0,0.17,0.18,0.17,0.18,21.0,,,,,,0.28,0.38,0.26,0.36,216.0,,,,,,0.47,0.62,0.45,0.62,59.0,,,,,,0.71,0.95,0.71,0.95,652.0,,,,,,1.03,1.35,1.03,1.35,58.0,,,,,,1.65,1.77,1.63,1.66,136.0,,,,,,1.96,2.37,1.93,2.35,56.0,,,,,,2.47,3.0,2.45,2.97,656.0,,,,,,3.09,3.6,3.09,3.6,51.0,,,,,
2019-05-29,2019-05-29,29.84,30.3701,29.32,29.89,33021038.0,0.04,0.06,0.03,0.03,192.0,0.1,0.11,0.09,0.1,104.0,,,,,,0.21,0.23,0.18,0.22,330.0,,,,,,0.34,0.41,0.33,0.4,1792.0,,,,,,0.56,0.66,0.53,0.62,378.0,,,,,,0.92,0.97,0.81,0.9,153.0,,,,,,1.25,1.29,1.15,1.25,164.0,,,,,,1.72,1.82,1.55,1.68,135.0,,,,,,2.15,2.35,2.02,2.13,1460.0,,,,,,2.76,2.93,2.57,2.79,162.0,,,,,
2019-05-30,2019-05-30,29.31,29.88,28.845,29.11,20277162.0,0.04,0.06,0.04,0.06,4.0,0.09,0.11,0.09,0.1,19.0,,,,,,0.2,0.23,0.19,0.23,113.0,,,,,,0.36,0.42,0.32,0.41,1353.0,,,,,,0.58,0.69,0.55,0.69,230.0,,,,,,0.92,1.01,0.81,1.01,482.0,,,,,,1.28,1.42,1.19,1.4,125.0,,,,,,1.75,1.9,1.59,1.88,819.0,,,,,,2.26,2.46,2.12,2.4,361.0,,,,,,2.86,3.06,2.67,2.96,64.0,,,,,
2019-05-31,2019-05-31,30.42,30.89,29.905,30.73,28925166.0,0.04,0.16,0.03,0.16,14.0,0.09,0.1,0.06,0.06,826.0,,,,,,0.14,0.17,0.14,0.15,111.0,,,,,,0.27,0.41,0.25,0.41,5209.0,,,,,,0.45,0.5,0.42,0.46,790.0,,,,,,0.7,0.84,0.66,0.84,940.0,,,,,,0.98,1.13,0.97,0.99,633.0,,,,,,1.42,1.5,1.34,1.4,562.0,,,,,,1.85,1.98,1.77,1.8,255.0,,,,,,2.38,2.57,2.29,2.29,59.0,,,,,
2019-06-03,2019-06-03,30.73,31.41,29.8199,30.4,29037266.0,0.03,0.04,0.03,0.04,4.0,0.05,0.08,0.05,0.08,5.0,,,,,,0.1,0.16,0.1,0.14,47.0,,,,,,0.21,0.29,0.19,0.28,486.0,,,,,,0.35,0.47,0.34,0.47,540.0,,,,,,0.57,0.74,0.55,0.7,119.0,,,,,,0.85,1.07,0.8,1.0,137.0,,,,,,1.31,1.5,1.14,1.46,1245.0,,,,,,1.7,1.97,1.55,1.95,281.0,,,,,,2.12,2.5,2.0,2.5,502.0,,,,,
2019-06-04,2019-06-04,29.02,30.24,29.0,29.81,24171477.0,0.03,0.04,0.03,0.04,11.0,0.08,0.08,0.07,0.07,26.0,,,,,,0.15,0.15,0.13,0.13,66.0,,,,,,0.26,0.33,0.23,0.33,185.0,,,,,,0.49,0.49,0.4,0.4,182.0,,,,,,0.77,0.77,0.65,0.67,335.0,,,,,,1.13,1.13,0.97,1.1,330.0,,,,,,1.61,1.61,1.35,1.47,410.0,,,,,,2.12,2.12,1.82,1.89,294.0,,,,,,2.75,2.75,2.33,2.49,738.0,,,,,
2019-06-05,2019-06-05,28.46,29.33,28.31,28.65,23479972.0,0.04,0.05,0.03,0.05,38.0,0.06,0.08,0.06,0.08,10.0,,,,,,0.17,0.17,0.15,0.15,35.0,,,,,,0.31,0.32,0.25,0.25,242.0,,,,,,0.56,0.56,0.47,0.5,473.0,,,,,,0.87,0.87,0.73,0.76,511.0,,,,,,1.27,1.28,1.09,1.11,165.0,,,,,,1.78,1.78,1.52,1.6,1099.0,,,,,,2.32,2.35,2.06,2.2,288.0,,,,,,3.0,3.0,2.64,2.76,142.0,,,,,
2019-06-06,2019-06-06,27.85,28.55,27.77,28.24,18497198.0,0.04,0.04,0.04,0.04,61.0,0.07,0.08,0.07,0.08,26.0,,,,,,0.15,0.18,0.15,0.17,460.0,,,,,,0.33,0.33,0.29,0.32,2164.0,,,,,,0.6,0.6,0.53,0.53,304.0,,,,,,0.93,0.95,0.83,0.85,1649.0,,,,,,1.42,1.42,1.25,1.27,365.0,,,,,,1.92,1.92,1.72,1.79,64.0,,,,,,2.5,2.5,2.29,2.3,250.0,,,,,,3.2,3.2,2.92,2.95,70.0,,,,,
2019-06-07,2019-06-07,28.06,28.1615,27.6,27.77,23326873.0,0.03,0.04,0.03,0.03,136.0,0.09,0.09,0.09,0.09,2.0,,,,,,0.16,0.18,0.16,0.17,158.0,,,,,,0.31,0.35,0.3,0.35,179.0,,,,,,0.57,0.62,0.54,0.58,204.0,,,,,,0.84,0.98,0.84,0.94,296.0,,,,,,1.25,1.43,1.25,1.43,1347.0,,,,,,1.74,1.99,1.74,1.88,177.0,,,,,,2.33,2.59,2.33,2.55,667.0,,,,,,3.2,3.2,3.09,3.15,30.0,,,,,
2019-06-10,2019-06-10,27.86,28.24,27.61,27.71,14480560.0,0.02,0.03,0.02,0.02,21.0,0.06,0.06,0.06,0.06,1.0,,,,,,0.14,0.18,0.13,0.18,23.0,,,,,,0.29,0.31,0.24,0.28,128.0,,,,,,0.53,0.58,0.47,0.51,370.0,,,,,,0.85,0.95,0.76,0.89,1087.0,,,,,,1.26,1.4,1.18,1.3,280.0,,,,,,1.8,1.95,1.71,1.95,137.0,,,,,,2.42,2.56,2.38,2.53,60.0,,,,,,3.05,3.2,3.03,3.2,38.0,,,,,
2019-06-11,2019-06-11,27.91,28.3,27.3,27.4,18841531.0,0.02,0.03,0.02,0.03,11.0,0.06,0.06,0.06,0.06,28.0,,,,,,0.12,0.15,0.11,0.14,658.0,,,,,,0.24,0.3,0.22,0.29,78.0,,,,,,0.47,0.56,0.42,0.52,111.0,,,,,,0.75,0.92,0.73,0.91,162.0,,,,,,1.16,1.43,1.11,1.43,1104.0,,,,,,1.68,2.0,1.64,1.99,56.0,,,,,,2.26,2.63,2.19,2.63,626.0,,,,,,2.98,3.22,2.81,3.22,58.0,,,,,
2019-06-12,2019-06-12,27.78,28.3,27.66,28.11,14225241.0,0.02,0.1,0.01,0.1,42.0,0.06,0.06,0.05,0.05,2.0,,,,,,0.1,0.12,0.09,0.12,126.0,,,,,,0.22,0.32,0.21,0.31,187.0,,,,,,0.44,0.45,0.4,0.4,149.0,,,,,,0.77,0.77,0.69,0.72,190.0,,,,,,1.17,1.19,1.09,1.11,42.0,,,,,,1.73,1.73,1.58,1.61,41.0,,,,,,2.29,2.32,2.15,2.2,531.0,,,,,,2.96,2.98,2.81,2.92,144.0,,,,,
2019-06-13,2019-06-13,27.61,27.905,27.33,27.45,17051858.0,0.02,0.63,0.02,0.63,45.0,0.05,0.05,0.03,0.03,16.0,,,,,,0.08,0.16,0.08,0.16,16.0,,,,,,0.19,0.85,0.19,0.85,1075.0,,,,,,0.41,0.49,0.4,0.4,98.0,,,,,,0.75,0.84,0.69,0.8,240.0,,,,,,1.12,1.29,1.1,1.2,1167.0,,,,,,1.61,1.84,1.61,1.83,74.0,,,,,,2.32,2.45,2.18,2.45,183.0,,,,,,2.89,3.2,2.89,3.15,199.0,,,,,
2019-06-14,2019-06-14,27.32,28.06,27.28,27.8,13682989.0,0.02,0.02,0.01,0.01,14.0,0.04,0.04,0.04,0.04,28.0,,,,,,0.1,0.1,0.08,0.08,46.0,,,,,,0.2,0.2,0.16,0.18,1051.0,,,,,,0.44,0.44,0.34,0.34,482.0,,,,,,0.73,0.76,0.63,0.66,570.0,,,,,,1.2,1.2,1.01,1.08,1567.0,,,,,,1.74,1.75,1.54,1.54,107.0,,,,,,2.34,2.36,2.18,2.18,117.0,,,,,,3.09,3.09,2.85,2.85,11.0,,,,,
2019-06-17,2019-06-17,27.03,27.36,26.8815,27.29,14470210.0,0.02,0.02,0.02,0.02,1.0,0.04,0.13,0.04,0.13,106.0,,,,,,0.1,0.1,0.08,0.08,63.0,,,,,,0.22,0.22,0.19,0.2,80.0,,,,,,0.44,0.45,0.39,0.41,120.0,,,,,,0.81,0.83,0.67,0.67,778.0,,,,,,1.3,1.3,1.17,1.18,558.0,,,,,,1.86,1.86,1.71,1.71,129.0,,,,,,2.52,2.53,2.33,2.4,353.0,,,,,,3.21,3.22,3.17,3.17,10.0,,,,,
2019-06-18,2019-06-18,26.82,26.98,26.35,26.54,24889651.0,0.03,0.03,0.03,0.03,4.0,0.05,0.06,0.05,0.05,29.0,,,,,,0.13,0.29,0.11,0.29,282.0,,,,,,0.28,0.32,0.24,0.24,1383.0,,,,,,0.57,0.64,0.44,0.44,687.0,,,,,,0.93,1.03,0.87,0.89,2678.0,,,,,,1.4,1.55,1.37,1.41,2700.0,,,,,,1.98,2.16,1.94,1.95,154.0,,,,,,2.7,2.87,2.6,2.75,402.0,,,,,,3.35,3.61,3.35,3.45,28.0,,,,,
2019-06-19,2019-06-19,25.93,26.93,25.88,26.65,29671248.0,0.02,0.03,0.01,0.03,164.0,0.07,0.07,0.05,0.06,28.0,,,,,,0.15,0.2,0.11,0.16,392.0,,,,,,0.34,0.36,0.2,0.35,2230.0,,,,,,0.68,0.69,0.53,0.57,1036.0,,,,,,1.17,1.17,0.91,0.95,427.0,,,,,,1.74,1.74,1.42,1.45,1212.0,,,,,,2.38,2.4,1.99,2.1,336.0,,,,,,3.1,3.15,2.67,2.74,309.0,,,,,,4.0,4.0,3.47,3.5,274.0,,,,,
2019-06-20,2019-06-20,26.01,26.82,25.26,25.46,34444193.0,0.03,0.03,0.02,0.03,20.0,0.08,0.09,0.05,0.08,393.0,,,,,,0.18,0.21,0.12,0.2,707.0,,,,,,0.35,0.46,0.3,0.35,2383.0,,,,,,0.68,0.9,0.59,0.81,903.0,,,,,,1.16,1.38,0.92,1.26,4817.0,,,,,,1.74,2.03,1.5,1.92,1040.0,,,,,,2.49,2.73,2.08,2.65,119.0,,,,,,3.23,3.43,2.75,3.4,247.0,,,,,,3.95,4.35,3.75,4.23,1077.0,,,,,
2019-06-21,2019-06-21,26.62,26.81,25.885,26.2,19740690.0,0.02,0.03,0.02,0.03,108.0,0.04,0.07,0.04,0.06,513.0,,,,,,0.1,0.16,0.1,0.15,274.0,,,,,,0.22,0.36,0.22,0.31,656.0,,,,,,0.53,0.67,0.47,0.62,336.0,,,,,,0.95,1.14,0.85,1.09,488.0,,,,,,1.38,1.7,1.33,1.63,624.0,,,,,,2.07,2.33,1.91,2.27,426.0,,,,,,2.63,3.1,2.6,3.02,301.0,,,,,,3.45,3.91,3.38,3.75,180.0,,,,,
2019-06-24,2019-06-24,26.38,26.52,26.14,26.45,12634966.0,0.02,0.02,0.01,0.01,47.0,0.04,0.05,0.01,0.04,3074.0,,,,,,0.1,0.22,0.09,0.22,168.0,0.16,0.16,0.16,0.16,5.0,0.25,0.27,0.22,0.24,1782.0,0.37,0.37,0.34,0.37,199.0,0.49,0.55,0.48,0.51,509.0,0.73,0.73,0.72,0.72,108.0,0.9,0.95,0.87,0.89,307.0,1.13,1.2,1.12,1.17,300.0,1.42,1.49,1.39,1.42,824.0,1.73,1.77,1.68,1.71,311.0,2.09,2.12,2.06,2.07,147.0,2.45,2.45,2.41,2.41,159.0,2.82,2.82,2.78,2.82,31.0,3.2,3.2,3.2,3.2,49.0,3.51,3.57,3.51,3.57,7.0,,,,,
2019-06-25,2019-06-25,27.05,27.181,26.37,26.4,17296855.0,0.01,0.02,0.01,0.02,15.0,0.02,0.03,0.01,0.03,92.0,0.04,0.05,0.04,0.05,28.0,0.05,0.09,0.05,0.08,31.0,0.13,0.13,0.13,0.13,50.0,0.15,0.43,0.15,0.43,4624.0,0.26,0.32,0.25,0.32,92.0,0.36,0.45,0.34,0.45,3284.0,0.52,0.64,0.5,0.64,255.0,0.69,1.06,0.65,1.06,355.0,0.87,1.07,0.87,1.01,204.0,1.15,1.61,1.1,1.61,777.0,1.48,1.71,1.36,1.7,144.0,1.68,1.92,1.61,1.91,448.0,1.94,2.25,1.94,2.25,148.0,2.3,2.7,2.26,2.7,153.0,2.69,2.98,2.69,2.98,26.0,2.99,3.45,2.99,3.45,19.0,3.7,3.7,3.62,3.65,16.0
2019-06-26,2019-06-26,26.84,27.05,26.39,26.52,13586640.0,0.02,0.02,0.02,0.02,13.0,0.02,0.02,0.02,0.02,102.0,0.05,0.05,0.05,0.05,1.0,0.08,0.18,0.07,0.18,242.0,0.13,0.13,0.12,0.12,52.0,0.19,0.39,0.18,0.39,78.0,0.29,0.3,0.25,0.28,166.0,0.41,0.46,0.4,0.46,67.0,0.58,0.59,0.58,0.59,65.0,0.78,0.84,0.71,0.77,920.0,0.95,1.03,0.92,1.01,44.0,1.25,1.33,1.2,1.29,59.0,1.46,1.64,1.46,1.64,95.0,1.83,1.86,1.69,1.86,64.0,2.15,2.21,2.15,2.21,61.0,2.5,2.5,2.41,2.48,60.0,2.8,2.8,2.8,2.8,22.0,3.27,3.27,3.21,3.21,4.0,,,,,
2019-06-27,2019-06-27,26.42,26.795,26.2,26.65,14890831.0,0.02,0.02,0.02,0.02,1.0,0.04,0.04,0.02,0.02,32.0,0.06,0.06,0.05,0.05,2.0,0.09,0.09,0.06,0.07,9442.0,0.16,0.16,0.14,0.15,4.0,0.24,0.24,0.19,0.2,153.0,0.36,0.38,0.31,0.31,108.0,0.54,0.54,0.42,0.45,4574.0,0.72,0.73,0.59,0.61,24.0,0.95,0.96,0.8,0.83,133.0,1.2,1.2,1.0,1.06,326.0,1.48,1.49,1.26,1.28,577.0,1.73,1.79,1.56,1.6,192.0,2.08,2.11,1.83,1.88,183.0,2.36,2.45,2.16,2.22,170.0,2.72,2.82,2.51,2.56,195.0,3.1,3.1,2.92,2.92,11.0,3.37,3.37,3.37,3.37,1.0,3.9,3.9,3.65,3.7,50.0
2019-06-28,2019-06-28,26.0,26.3,25.87,26.13,17624656.0,0.02,0.02,0.01,0.01,26.0,0.05,0.05,0.03,0.04,1434.0,,,,,,0.18,0.18,0.09,0.09,134.0,0.22,0.22,0.16,0.16,158.0,0.39,0.39,0.23,0.25,1877.0,0.53,0.54,0.37,0.41,705.0,0.73,0.73,0.51,0.51,2844.0,0.86,0.86,0.7,0.72,10338.0,1.25,1.25,0.92,0.95,3615.0,1.38,1.38,1.17,1.17,245.0,1.69,1.69,1.46,1.49,1071.0,1.98,1.98,1.77,1.81,144.0,2.44,2.44,2.08,2.13,553.0,2.56,2.57,2.44,2.44,432.0,3.22,3.22,2.82,2.88,435.0,3.3,3.3,3.3,3.3,10.0,3.95,3.95,3.62,3.64,69.0,4.1,4.1,4.1,4.1,1.0
2019-07-01,2019-07-01,24.56,25.08,24.46,24.55,30302465.0,0.01,0.5,0.01,0.5,33.0,0.04,0.07,0.03,0.07,309.0,0.08,0.17,0.06,0.17,91.0,0.14,0.5,0.1,0.5,290.0,0.26,0.3,0.18,0.3,4155.0,0.4,0.5,0.3,0.41,685.0,0.6,0.68,0.48,0.66,425.0,0.8,1.0,0.69,0.9,4329.0,1.14,1.29,0.93,1.29,10909.0,1.46,2.5,1.24,2.5,927.0,1.75,2.0,1.56,2.0,228.0,2.17,2.25,1.89,2.05,2104.0,2.55,2.61,2.28,2.61,188.0,2.96,3.83,2.65,3.83,3659.0,3.3,3.44,3.1,3.44,38.0,3.76,4.3,3.48,4.0,1792.0,4.05,4.25,4.05,4.25,49.0,4.64,4.81,4.2,4.2,68.0,,,,,
2019-07-02,2019-07-02,23.65,24.6,23.61,24.6,26022509.0,0.03,0.03,0.01,0.02,61.0,0.08,0.08,0.04,0.05,2356.0,0.16,0.16,0.07,0.07,702.0,0.27,0.27,0.12,0.14,1216.0,0.45,0.45,0.23,0.23,1059.0,0.73,0.73,0.37,0.38,4872.0,1.04,1.04,0.57,0.63,1179.0,1.36,1.36,0.83,0.85,1816.0,1.68,1.68,1.09,1.15,890.0,2.0,2.0,1.44,1.45,868.0,2.37,2.37,1.85,1.86,638.0,2.81,2.81,2.14,2.14,578.0,3.25,3.25,2.6,2.6,136.0,3.68,3.68,3.08,3.08,189.0,3.75,3.75,3.5,3.5,19.0,4.45,4.45,3.91,3.91,280.0,5.05,5.05,4.54,4.54,3.0,5.56,5.56,5.08,5.1,47.0,6.0,6.0,6.0,6.0,15.0
2019-07-03,2019-07-03,23.51,23.88,23.42,23.67,15809303.0,0.02,0.03,0.01,0.02,163.0,0.09,0.09,0.05,0.08,100.0,0.16,0.17,0.11,0.11,77.0,0.36,0.36,0.23,0.23,929.0,0.48,0.48,0.41,0.41,275.0,0.8,0.8,0.58,0.68,1204.0,1.03,1.05,0.84,0.97,493.0,1.34,1.38,1.13,1.26,2126.0,1.69,1.69,1.46,1.52,110.0,2.24,2.24,1.84,2.0,836.0,2.49,2.49,2.22,2.35,86.0,3.0,3.0,2.62,2.76,172.0,3.3,3.31,3.05,3.15,145.0,3.95,3.95,3.51,3.6,129.0,4.1,4.1,4.1,4.1,2.0,4.75,4.75,4.45,4.45,1029.0,5.0,5.0,5.0,5.0,3.0,5.53,5.53,5.42,5.45,22.0,,,,,
2019-07-05,2019-07-05,23.58,24.71,23.5,24.01,24124885.0,0.02,0.02,0.01,0.02,186.0,0.05,0.08,0.03,0.05,8516.0,0.11,0.11,0.06,0.09,349.0,0.23,0.25,0.1,0.17,336.0,0.36,0.43,0.23,0.32,8398.0,0.59,0.64,0.36,0.51,2682.0,0.87,0.92,0.55,0.88,1264.0,1.17,1.25,0.78,1.0,1654.0,1.42,1.58,1.08,1.38,424.0,1.86,2.02,1.37,1.73,676.0,2.31,2.4,1.75,2.02,152.0,2.69,2.81,2.08,2.54,540.0,3.16,3.17,2.52,2.88,41.0,3.6,3.7,2.92,3.35,210.0,3.44,3.8,3.43,3.8,55.0,4.51,4.6,4.01,4.44,230.0,,,,,,5.5,5.5,4.76,5.0,23.0,,,,,
2019-07-08,2019-07-08,24.23,24.47,23.9,24.12,18014371.0,0.01,0.01,0.01,0.01,65.0,0.02,0.03,0.01,0.03,723.0,0.04,0.05,0.03,0.05,424.0,0.1,0.13,0.08,0.12,623.0,0.19,0.25,0.18,0.23,604.0,0.36,0.43,0.31,0.37,1164.0,0.6,0.79,0.51,0.79,528.0,0.87,0.96,0.75,0.9,793.0,1.13,1.29,1.01,1.13,619.0,1.54,1.65,1.37,1.44,568.0,1.85,2.01,1.72,1.92,193.0,2.19,2.47,2.13,2.22,924.0,2.67,2.72,2.56,2.65,233.0,3.03,3.18,2.97,3.15,26.0,3.72,3.8,3.51,3.73,161.0,3.88,4.13,3.87,4.0,53.0,4.3,4.3,4.3,4.3,6.0,4.8,4.8,4.8,4.8,10.0,,,,,
2019-07-09,2019-07-09,24.3,24.96,24.22,24.96,15024150.0,0.01,0.01,0.01,0.01,15.0,0.01,0.02,0.01,0.01,269.0,0.03,0.03,0.02,0.02,79.0,0.06,0.33,0.04,0.33,241.0,0.13,0.16,0.1,0.1,3073.0,0.26,0.29,0.11,0.17,3829.0,0.42,0.95,0.34,0.94,351.0,0.7,0.75,0.55,0.59,3342.0,0.97,1.03,0.79,0.8,297.0,1.34,1.46,1.03,1.46,424.0,1.7,1.71,1.51,1.52,106.0,2.13,2.15,1.85,1.85,256.0,2.56,2.57,2.3,2.3,130.0,2.97,3.35,2.59,3.35,25.0,3.45,3.45,3.45,3.45,12.0,3.86,3.86,3.61,3.61,67.0,4.34,4.34,4.34,4.34,6.0,4.78,4.8,4.5,4.5,61.0,,,,,
2019-07-10,2019-07-10,23.56,23.9869,23.495,23.98,19868046.0,0.01,0.01,0.01,0.01,65.0,0.01,0.02,0.01,0.02,756.0,0.05,0.05,0.03,0.03,213.0,0.1,0.11,0.06,0.09,11633.0,0.24,0.27,0.16,0.27,438.0,0.44,0.45,0.31,0.4,14884.0,0.72,0.72,0.53,0.59,1483.0,1.05,1.05,0.8,0.87,941.0,1.42,1.42,1.16,1.25,308.0,1.8,1.83,1.51,1.58,706.0,2.21,2.24,1.91,2.12,70.0,2.77,2.77,2.37,2.52,946.0,3.12,3.15,2.77,2.94,141.0,3.59,3.6,3.37,3.38,35.0,3.95,3.95,3.95,3.95,14.0,4.52,4.57,4.3,4.5,186.0,,,,,,5.55,5.55,5.25,5.25,9.0,5.95,5.95,5.95,5.95,3.0
2019-07-11,2019-07-11,23.17,23.6,23.025,23.23,21061186.0,0.01,0.01,0.01,0.01,6.0,0.03,0.04,0.02,0.02,88.0,0.04,0.08,0.04,0.04,428.0,0.13,0.19,0.1,0.14,6442.0,0.26,0.38,0.23,0.3,1297.0,0.55,0.66,0.43,0.48,8033.0,0.88,0.97,0.69,0.9,1301.0,1.21,1.35,1.02,1.2,1381.0,1.63,1.75,1.39,1.61,785.0,2.13,2.19,1.78,2.03,1108.0,2.59,2.64,2.24,2.5,192.0,2.93,3.09,2.65,2.9,965.0,3.45,3.58,3.15,3.36,489.0,3.95,4.07,3.6,3.6,91.0,4.35,4.35,4.35,4.35,2.0,4.85,5.0,4.55,4.92,884.0,5.12,5.45,5.12,5.45,9.0,5.75,5.87,5.75,5.87,37.0,,,,,
2019-07-12,2019-07-12,22.8,23.19,22.75,23.01,18425836.0,0.01,0.01,0.01,0.01,83.0,0.03,0.03,0.01,0.02,2186.0,0.08,0.09,0.03,0.05,1926.0,0.2,0.21,0.09,0.16,11691.0,0.41,0.43,0.25,0.34,3051.0,0.72,0.73,0.5,0.6,10855.0,1.1,1.1,0.8,0.95,1310.0,1.48,1.49,1.18,1.3,1052.0,1.9,1.92,1.59,1.74,461.0,2.37,2.37,2.02,2.15,5122.0,2.84,2.85,2.52,2.64,1240.0,3.25,3.3,2.98,3.02,312.0,3.72,3.72,3.46,3.53,146.0,4.33,4.33,3.95,4.05,254.0,4.55,4.55,4.5,4.5,2.0,5.28,5.28,5.0,5.02,79.0,5.45,5.45,5.45,5.45,1.0,6.3,6.3,5.99,6.08,32.0,6.44,6.44,6.44,6.44,1.0
2019-07-15,2019-07-15,22.71,22.93,22.58,22.69,15945412.0,0.01,0.01,0.01,0.01,41.0,0.02,0.03,0.01,0.03,313.0,0.06,0.07,0.04,0.07,342.0,0.19,2.32,0.11,0.25,8366.0,0.4,0.43,0.29,0.38,5031.0,0.69,0.76,0.57,0.76,5671.0,1.07,1.13,0.91,1.08,1033.0,1.47,1.59,1.35,1.5,529.0,1.91,1.98,1.77,1.9,310.0,2.37,2.45,2.25,2.44,513.0,2.85,2.86,2.71,2.81,240.0,3.33,3.45,3.2,3.2,65.0,3.89,3.9,3.74,3.79,56.0,4.35,4.35,4.15,4.3,143.0,,,,,,5.31,5.31,5.19,5.31,1157.0,,,,,,6.25,6.25,6.25,6.25,1.0,,,,,
2019-07-16,2019-07-16,22.78,22.9,22.29,22.6,25415471.0,0.01,0.01,0.01,0.01,15.0,0.01,0.02,0.01,0.01,1486.0,0.04,0.09,0.03,0.06,591.0,0.12,0.27,0.12,0.2,8760.0,0.33,0.56,0.29,0.38,10129.0,0.6,0.95,0.54,0.68,9794.0,1.14,1.36,0.94,1.04,958.0,1.39,1.82,1.35,1.43,669.0,2.01,2.25,1.8,1.91,539.0,2.33,2.72,2.29,2.56,1506.0,2.89,3.15,2.73,3.02,54.0,3.48,3.75,3.26,3.4,3331.0,4.0,4.3,3.75,4.0,59.0,4.47,4.65,4.2,4.52,50.0,,,,,,5.26,5.65,5.26,5.6,61.0,5.97,5.97,5.97,5.97,3.0,6.58,6.58,6.58,6.58,1.0,7.1,7.1,7.1,7.1,1.0
2019-07-17,2019-07-17,23.36,23.36,22.44,22.58,29056917.0,0.01,0.01,0.01,0.01,62.0,0.01,0.01,0.01,0.01,1.0,0.01,0.05,0.01,0.03,658.0,0.01,0.17,0.01,0.16,3644.0,0.07,0.41,0.07,0.35,7870.0,0.2,0.78,0.18,0.69,12320.0,0.45,1.18,0.45,1.12,955.0,0.82,3.43,0.82,3.43,3686.0,1.19,2.08,1.19,2.07,362.0,1.64,2.6,1.64,2.53,1278.0,2.31,2.99,2.31,2.94,300.0,2.6,3.55,2.6,3.55,194.0,3.57,4.0,3.55,4.0,56.0,3.83,4.3,3.83,4.3,243.0,,,,,,4.75,5.53,4.75,5.45,17.0,5.39,5.4,5.39,5.4,3.0,5.85,6.47,5.85,6.47,159.0,6.45,6.45,6.45,6.45,1.0
2019-07-18,2019-07-18,23.115,23.715,22.71,23.34,27076320.0,0.01,0.01,0.01,0.01,98.0,0.01,0.01,0.01,0.01,57.0,0.01,0.01,0.01,0.01,40.0,0.01,0.03,0.01,0.01,2588.0,0.08,0.15,0.01,0.08,6307.0,0.3,0.46,0.07,0.2,12265.0,0.7,0.85,0.25,0.38,6158.0,0.98,1.27,0.55,0.81,2708.0,1.46,1.71,0.96,1.3,403.0,2.01,2.27,1.4,1.6,2386.0,2.41,2.62,1.9,2.28,453.0,2.9,3.27,2.37,2.79,905.0,3.42,3.66,2.87,3.27,94.0,4.04,4.19,3.32,3.57,103.0,4.4,4.4,3.9,4.0,13.0,5.16,5.25,4.37,4.58,67.0,5.45,5.45,4.8,4.8,31.0,5.81,5.81,5.62,5.65,580.0,,,,,
2019-07-19,2019-07-19,23.38,23.43,22.59,22.67,26220800.0,0.01,0.01,0.01,0.01,2.0,0.01,0.01,0.01,0.01,4021.0,0.01,0.01,0.01,0.01,18.0,0.01,0.03,0.01,0.03,413.0,0.01,0.14,0.01,0.12,5444.0,0.01,0.88,0.01,0.47,24106.0,0.07,0.94,0.03,0.94,2741.0,0.5,1.4,0.47,1.31,6956.0,1.02,1.89,1.0,1.82,987.0,1.66,2.68,1.57,2.27,3318.0,2.25,2.87,2.25,2.72,1259.0,2.64,3.4,2.64,3.3,608.0,2.9,3.91,2.9,3.91,486.0,3.86,4.39,3.76,4.3,3661.0,4.8,4.83,4.8,4.8,155.0,4.6,5.35,4.6,5.34,142.0,4.85,4.85,4.85,4.85,6.0,5.65,6.35,5.65,6.25,37.0,,,,,
2019-07-22,2019-07-22,22.91,23.48,22.74,23.35,21908515.0,,,,,,,,,,,,,,,,,,,,,,,,,,,,,,,,,,,,,,,,,,,,,,,,,,,,,,,,,,,,,,,,,,,,,,,,,,,,,,,,,,,,,,,,,,,,,,,
2019-07-23,2019-07-23,22.1,22.88,22.08,22.51,18943361.0,,,,,,,,,,,,,,,,,,,,,,,,,,,,,,,,,,,,,,,,,,,,,,,,,,,,,,,,,,,,,,,,,,,,,,,,,,,,,,,,,,,,,,,,,,,,,,,
2019-07-24,2019-07-24,21.54,22.37,21.41,22.34,18825276.0,,,,,,,,,,,,,,,,,,,,,,,,,,,,,,,,,,,,,,,,,,,,,,,,,,,,,,,,,,,,,,,,,,,,,,,,,,,,,,,,,,,,,,,,,,,,,,,
2019-07-25,2019-07-25,22.2,22.6,21.66,21.66,29862313.0,,,,,,,,,,,,,,,,,,,,,,,,,,,,,,,,,,,,,,,,,,,,,,,,,,,,,,,,,,,,,,,,,,,,,,,,,,,,,,,,,,,,,,,,,,,,,,,
2019-07-26,2019-07-26,21.64,21.83,21.46,21.79,18901474.0,,,,,,,,,,,,,,,,,,,,,,,,,,,,,,,,,,,,,,,,,,,,,,,,,,,,,,,,,,,,,,,,,,,,,,,,,,,,,,,,,,,,,,,,,,,,,,,
2019-07-29,2019-07-29,21.83,22.0,21.59,21.69,16615858.0,,,,,,,,,,,,,,,,,,,,,,,,,,,,,,,,,,,,,,,,,,,,,,,,,,,,,,,,,,,,,,,,,,,,,,,,,,,,,,,,,,,,,,,,,,,,,,,
2019-07-30,2019-07-30,22.34,22.47,21.94,22.26,23460651.0,,,,,,,,,,,,,,,,,,,,,,,,,,,,,,,,,,,,,,,,,,,,,,,,,,,,,,,,,,,,,,,,,,,,,,,,,,,,,,,,,,,,,,,,,,,,,,,
2019-07-31,2019-07-31,23.59,24.34,21.93,22.31,53038065.0,,,,,,,,,,,,,,,,,,,,,,,,,,,,,,,,,,,,,,,,,,,,,,,,,,,,,,,,,,,,,,,,,,,,,,,,,,,,,,,,,,,,,,,,,,,,,,,
2019-08-01,2019-08-01,25.45,26.14,22.555,23.64,109087195.0,,,,,,,,,,,,,,,,,,,,,,,,,,,,,,,,,,,,,,,,,,,,,,,,,,,,,,,,,,,,,,,,,,,,,,,,,,,,,,,,,,,,,,,,,,,,,,,
2019-08-02,2019-08-02,25.66,26.69,25.27,25.5,71310504.0,,,,,,,,,,,,,,,,,,,,,,,,,,,,,,,,,,,,,,,,,,,,,,,,,,,,,,,,,,,,,,,,,,,,,,,,,,,,,,,,,,,,,,,,,,,,,,,
2019-08-05,2019-08-05,29.3,29.625,27.28,27.47,86663392.0,,,,,,,,,,,,,,,,,,,,,,,,,,,,,,,,,,,,,,,,,,,,,,,,,,,,,,,,,,,,,,,,,,,,,,,,,,,,,,,,,,,,,,,,,,,,,,,
2019-08-06,2019-08-06,27.48,29.67,27.48,28.22,59849382.0,,,,,,,,,,,,,,,,,,,,,,,,,,,,,,,,,,,,,,,,,,,,,,,,,,,,,,,,,,,,,,,,,,,,,,,,,,,,,,,,,,,,,,,,,,,,,,,
2019-08-07,2019-08-07,27.62,30.09,27.48,29.44,54533993.0,,,,,,,,,,,,,,,,,,,,,,,,,,,,,,,,,,,,,,,,,,,,,,,,,,,,,,,,,,,,,,,,,,,,,,,,,,,,,,,,,,,,,,,,,,,,,,,
2019-08-08,2019-08-08,25.98,27.41,25.87,27.06,34369131.0,,,,,,,,,,,,,,,,,,,,,,,,,,,,,,,,,,,,,,,,,,,,,,,,,,,,,,,,,,,,,,,,,,,,,,,,,,,,,,,,,,,,,,,,,,,,,,,
2019-08-09,2019-08-09,26.93,27.465,26.18,26.43,38298114.0,,,,,,,,,,,,,,,,,,,,,,,,,,,,,,,,,,,,,,,,,,,,,,,,,,,,,,,,,,,,,,,,,,,,,,,,,,,,,,,,,,,,,,,,,,,,,,,
2019-08-12,2019-08-12,28.89,28.99,27.25,27.35,28752436.0,,,,,,,,,,,,,,,,,,,,,,,,,,,,,,,,,,,,,,,,,,,,,,,,,,,,,,,,,,,,,,,,,,,,,,,,,,,,,,,,,,,,,,,,,,,,,,,
2019-08-13,2019-08-13,26.76,29.4,26.71,29.35,41956617.0,,,,,,,,,,,,,,,,,,,,,,,,,,,,,,,,,,,,,,,,,,,,,,,,,,,,,,,,,,,,,,,,,,,,,,,,,,,,,,,,,,,,,,,,,,,,,,,
2019-08-14,2019-08-14,30.465,30.5,28.07,28.59,67110934.0,,,,,,,,,,,,,,,,,,,,,,,,,,,,,,,,,,,,,,,,,,,,,,,,,,,,,,,,,,,,,,,,,,,,,,,,,,,,,,,,,,,,,,,,,,,,,,,
2019-08-15,2019-08-15,29.67,31.0,29.3715,29.72,39376746.0,,,,,,,,,,,,,,,,,,,,,,,,,,,,,,,,,,,,,,,,,,,,,,,,,,,,,,,,,,,,,,,,,,,,,,,,,,,,,,,,,,,,,,,,,,,,,,,
2019-08-16,2019-08-16,28.03,29.14,27.96,29.09,27556919.0,,,,,,,,,,,,,,,,,,,,,,,,,,,,,,,,,,,,,,,,,,,,,,,,,,,,,,,,,,,,,,,,,,,,,,,,,,,,,,,,,,,,,,,,,,,,,,,
2019-08-19,2019-08-19,25.98,26.9965,25.88,26.85,28490840.0,,,,,,,,,,,,,,,,,,,,,,,,,,,,,,,,,,,,,,,,,,,,,,,,,,,,,,,,,,,,,,,,,,,,,,,,,,,,,,,,,,,,,,,,,,,,,,,
2019-08-20,2019-08-20,26.6,26.79,26.01,26.26,27521918.0,,,,,,,,,,,,,,,,,,,,,,,,,,,,,,,,,,,,,,,,,,,,,,,,,,,,,,,,,,,,,,,,,,,,,,,,,,,,,,,,,,,,,,,,,,,,,,,
2019-08-21,2019-08-21,25.3,25.73,25.25,25.53,28577472.0,,,,,,,,,,,,,,,,,,,,,,,,,,,,,,,,,,,,,,,,,,,,,,,,,,,,,,,,,,,,,,,,,,,,,,,,,,,,,,,,,,,,,,,,,,,,,,,
2019-08-22,2019-08-22,25.75,26.4599,25.075,25.09,31157200.0,,,,,,,,,,,,,,,,,,,,,,,,,,,,,,,,,,,,,,,,,,,,,,,,,,,,,,,,,,,,,,,,,,,,,,,,,,,,,,,,,,,,,,,,,,,,,,,
2019-08-23,2019-08-23,28.96,29.46,25.46,26.63,78293234.0,,,,,,,,,,,,,,,,,,,,,,,,,,,,,,,,,,,,,,,,,,,,,,,,,,,,,,,,,,,,,,,,,,,,,,,,,,,,,,,,,,,,,,,,,,,,,,,
2019-08-26,2019-08-26,28.1,28.97,27.44,27.53,32372753.0,,,,,,,,,,,,,,,,,,,,,,,,,,,,,,,,,,,,,,,,,,,,,,,,,,,,,,,,,,,,,,,,,,,,,,,,,,,,,,,,,,,,,,,,,,,,,,,
2019-08-27,2019-08-27,28.67,29.39,27.54,27.63,26681523.0,,,,,,,,,,,,,,,,,,,,,,,,,,,,,,,,,,,,,,,,,,,,,,,,,,,,,,,,,,,,,,,,,,,,,,,,,,,,,,,,,,,,,,,,,,,,,,,
2019-08-28,2019-08-28,28.02,29.75,28.0,29.33,28005357.0,,,,,,,,,,,,,,,,,,,,,,,,,,,,,,,,,,,,,,,,,,,,,,,,,,,,,,,,,,,,,,,,,,,,,,,,,,,,,,,,,,,,,,,,,,,,,,,
2019-08-29,2019-08-29,26.85,27.44,26.58,27.18,28752821.0,,,,,,,,,,,,,,,,,,,,,,,,,,,,,,,,,,,,,,,,,,,,,,,,,,,,,,,,,,,,,,,,,,,,,,,,,,,,,,,,,,,,,,,,,,,,,,,
2019-08-30,2019-08-30,27.0,27.64,26.3,26.3,28129769.0,,,,,,,,,,,,,,,,,,,,,,,,,,,,,,,,,,,,,,,,,,,,,,,,,,,,,,,,,,,,,,,,,,,,,,,,,,,,,,,,,,,,,,,,,,,,,,,
2019-09-03,2019-09-03,28.19,28.45,27.52,28.0,36077100.0,,,,,,,,,,,,,,,,,,,,,,,,,,,,,,,,,,,,,,,,,,,,,,,,,,,,,,,,,,,,,,,,,,,,,,,,,,,,,,,,,,,,,,,,,,,,,,,
2019-09-04,2019-09-04,26.45,27.59,26.43,27.09,36600867.0,,,,,,,,,,,,,,,,,,,,,,,,,,,,,,,,,,,,,,,,,,,,,,,,,,,,,,,,,,,,,,,,,,,,,,,,,,,,,,,,,,,,,,,,,,,,,,,
2019-09-05,2019-09-05,25.47,25.85,25.15,25.79,41559964.0,,,,,,,,,,,,,,,,,,,,,,,,,,,,,,,,,,,,,,,,,,,,,,,,,,,,,,,,,,,,,,,,,,,,,,,,,,,,,,,,,,,,,,,,,,,,,,,
2019-09-06,2019-09-06,24.72,25.315,24.6,25.14,30572398.0,,,,,,,,,,,,,,,,,,,,,,,,,,,,,,,,,,,,,,,,,,,,,,,,,,,,,,,,,,,,,,,,,,,,,,,,,,,,,,,,,,,,,,,,,,,,,,,
2019-09-09,2019-09-09,24.48,25.14,24.22,24.27,31222789.0,,,,,,,,,,,,,,,,,,,,,,,,,,,,,,,,,,,,,,,,,,,,,,,,,,,,,,,,,,,,,,,,,,,,,,,,,,,,,,,,,,,,,,,,,,,,,,,
2019-09-10,2019-09-10,24.4,25.18,24.34,24.82,29914315.0,,,,,,,,,,,,,,,,,,,,,,,,,,,,,,,,,,,,,,,,,,,,,,,,,,,,,,,,,,,,,,,,,,,,,,,,,,,,,,,,,,,,,,,,,,,,,,,
2019-09-11,2019-09-11,24.02,24.46,23.86,24.37,33546901.0,,,,,,,,,,,,,,,,,,,,,,,,,,,,,,,,,,,,,,,,,,,,,,,,,,,,,,,,,,,,,,,,,,,,,,,,,,,,,,,,,,,,,,,,,,,,,,,
2019-09-12,2019-09-12,23.45,23.9,23.17,23.57,42894510.0,,,,,,,,,,,,,,,,,,,,,,,,,,,,,,,,,,,,,,,,,,,,,,,,,,,,,,,,,,,,,,,,,,,,,,,,,,,,,,,,,,,,,,,,,,,,,,,
2019-09-13,2019-09-13,23.08,23.33,22.82,23.16,32599380.0,,,,,,,,,,,,,,,,,,,,,,,,,,,,,,,,,,,,,,,,,,,,,,,,,,,,,,,,,,,,,,,,,,,,,,,,,,,,,,,,,,,,,,,,,,,,,,,
2019-09-16,2019-09-16,23.42,23.67,23.01,23.6,27943659.0,,,,,,,,,,,,,,,,,,,,,,,,,,,,,,,,,,,,,,,,,,,,,,,,,,,,,,,,,,,,,,,,,,,,,,,,,,,,,,,,,,,,,,,,,,,,,,,
2019-09-17,2019-09-17,23.31,23.73,23.29,23.49,25161317.0,,,,,,,,,,,,,,,,,,,,,,,,,,,,,,,,,,,,,,,,,,,,,,,,,,,,,,,,,,,,,,,,,,,,,,,,,,,,,,,,,,,,,,,,,,,,,,,
2019-09-18,2019-09-18,22.56,23.6915,22.5,23.1,54380388.0,,,,,,,,,,,,,,,,,,,,,,,,,,,,,,,,,,,,,,,,,,,,,,,,,,,,,,,,,,,,,,,,,,,,,,,,,,,,,,,,,,,,,,,,,,,,,,,
2019-09-19,2019-09-19,22.15,22.315,21.8,22.25,33074777.0,,,,,,,,,,,,,,,,,,,,,,,,,,,,,,,,,,,,,,,,,,,,,,,,,,,,,,,,,,,,,,,,,,,,,,,,,,,,,,,,,,,,,,,,,,,,,,,
2019-09-20,2019-09-20,23.29,23.48,21.83,21.92,38357372.0,,,,,,,,,,,,,,,,,,,,,,,,,,,,,,,,,,,,,,,,,,,,,,,,,,,,,,,,,,,,,,,,,,,,,,,,,,,,,,,,,,,,,,,,,,,,,,,
2019-09-23,2019-09-23,23.09,23.44,22.7,23.38,23116668.0,,,,,,,,,,,,,,,,,,,,,,,,,,,,,,,,,,,,,,,,,,,,,,,,,,,,,,,,,,,,,,,,,,,,,,,,,,,,,,,,,,,,,,,,,,,,,,,
2019-09-24,2019-09-24,24.16,24.34,22.45,22.52,63880942.0,,,,,,,,,,,,,,,,,,,,,,,,,,,,,,,,,,,,,,,,,,,,,,,,,,,,,,,,,,,,,,,,,,,,,,,,,,,,,,,,,,,,,,,,,,,,,,,
2019-09-25,2019-09-25,23.61,24.97,23.4,24.1,43369035.0,,,,,,,,,,,,,,,,,,,,,,,,,,,,,,,,,,,,,,,,,,,,,,,,,,,,,,,,,,,,,,,,,,,,,,,,,,,,,,,,,,,,,,,,,,,,,,,
2019-09-26,2019-09-26,23.81,24.26,23.53,23.55,31422590.0,,,,,,,,,,,,,,,,,,,,,,,,,,,,,,,,,,,,,,,,,,,,,,,,,,,,,,,,,,,,,,,,,,,,,,,,,,,,,,,,,,,,,,,,,,,,,,,
2019-09-27,2019-09-27,24.46,25.115,23.38,23.51,54237460.0,,,,,,,,,,,,,,,,,,,,,,,,,,,,,,,,,,,,,,,,,,,,,,,,,,,,,,,,,,,,,,,,,,,,,,,,,,,,,,,,,,,,,,,,,,,,,,,
2019-09-30,2019-09-30,23.74,24.21,23.48,24.18,24118716.0,,,,,,,,,,,,,,,,,,,,,,,,,,,,,,,,,,,,,,,,,,,,,,,,,,,,,,,,,,,,,,,,,,,,,,,,,,,,,,,,,,,,,,,,,,,,,,,
2019-10-01,2019-10-01,24.79,24.8,23.05,23.13,48062831.0,,,,,,,,,,,,,,,,,,,,,,,,,,,,,,,,,,,,,,,,,,,,,,,,,,,,,,,,,,,,,,,,,,,,,,,,,,,,,,,,,,,,,,,,,,,,,,,
2019-10-02,2019-10-02,26.45,26.76,25.47,25.48,84176579.0,,,,,,,,,,,,,,,,,,,,,,,,,,,,,,,,,,,,,,,,,,,,,,,,,,,,,,,,,,,,,,,,,,,,,,,,,,,,,,,,,,,,,,,,,,,,,,,
2019-10-03,2019-10-03,25.44,27.1,25.43,26.36,51516387.0,,,,,,,,,,,,,,,,,,,,,,,,,,,,,,,,,,,,,,,,,,,,,,,,,,,,,,,,,,,,,,,,,,,,,,,,,,,,,,,,,,,,,,,,,,,,,,,
2019-10-04,2019-10-04,24.09,25.27,24.05,25.25,29824933.0,,,,,,,,,,,,,,,,,,,,,,,,,,,,,,,,,,,,,,,,,,,,,,,,,,,,,,,,,,,,,,,,,,,,,,,,,,,,,,,,,,,,,,,,,,,,,,,
2019-10-07,2019-10-07,24.27,24.68,23.76,24.42,29089980.0,,,,,,,,,,,,,,,,,,,,,,,,,,,,,,,,,,,,,,,,,,,,,,,,,,,,,,,,,,,,,,,,,,,,,,,,,,,,,,,,,,,,,,,,,,,,,,,
2019-10-08,2019-10-08,26.24,26.27,24.93,25.2,49469482.0,,,,,,,,,,,,,,,,,,,,,,,,,,,,,,,,,,,,,,,,,,,,,,,,,,,,,,,,,,,,,,,,,,,,,,,,,,,,,,,,,,,,,,,,,,,,,,,
2019-10-09,2019-10-09,25.36,25.83,24.76,25.45,30012701.0,,,,,,,,,,,,,,,,,,,,,,,,,,,,,,,,,,,,,,,,,,,,,,,,,,,,,,,,,,,,,,,,,,,,,,,,,,,,,,,,,,,,,,,,,,,,,,,
2019-10-10,2019-10-10,24.43,25.4,24.355,25.32,34818530.0,,,,,,,,,,,,,,,,,,,,,,,,,,,,,,,,,,,,,,,,,,,,,,,,,,,,,,,,,,,,,,,,,,,,,,,,,,,,,,,,,,,,,,,,,,,,,,,
2019-10-11,2019-10-11,23.02,23.82,22.62,23.7,74386222.0,,,,,,,,,,,,,,,,,,,,,,,,,,,,,,,,,,,,,,,,,,,,,,,,,,,,,,,,,,,,,,,,,,,,,,,,,,,,,,,,,,,,,,,,,,,,,,,
2019-10-14,2019-10-14,22.27,23.11,22.24,23.09,30104234.0,,,,,,,,,,,,,,,,,,,,,,,,,,,,,,,,,,,,,,,,,,,,,,,,,,,,,,,,,,,,,,,,,,,,,,,,,,,,,,,,,,,,,,,,,,,,,,,
2019-10-15,2019-10-15,21.69,21.9,21.36,21.84,46193742.0,,,,,,,,,,,,,,,,,,,,,,,,,,,,,,,,,,,,,,,,,,,,,,,,,,,,,,,,,,,,,,,,,,,,,,,,,,,,,,,,,,,,,,,,,,,,,,,
2019-10-16,2019-10-16,21.42,21.88,21.37,21.66,28359123.0,,,,,,,,,,,,,,,,,,,,,,,,,,,,,,,,,,,,,,,,,,,,,,,,,,,,,,,,,,,,,,,,,,,,,,,,,,,,,,,,,,,,,,,,,,,,,,,
2019-10-17,2019-10-17,21.29,21.43,20.965,21.21,26156003.0,,,,,,,,,,,,,,,,,,,,,,,,,,,,,,,,,,,,,,,,,,,,,,,,,,,,,,,,,,,,,,,,,,,,,,,,,,,,,,,,,,,,,,,,,,,,,,,
2019-10-18,2019-10-18,21.24,21.76,21.03,21.38,32607762.0,,,,,,,,,,,,,,,,,,,,,,,,,,,,,,,,,,,,,,,,,,,,,,,,,,,,,,,,,,,,,,,,,,,,,,,,,,,,,,,,,,,,,,,,,,,,,,,
