date,Underlying_date,Underlying_close,Underlying_high,Underlying_low,Underlying_open,Underlying_volume,20.0_close,20.0_high,20.0_low,20.0_open,20.0_volume,20.5_close,20.5_high,20.5_low,20.5_open,20.5_volume,21.0_close,21.0_high,21.0_low,21.0_open,21.0_volume,21.5_close,21.5_high,21.5_low,21.5_open,21.5_volume,22.0_close,22.0_high,22.0_low,22.0_open,22.0_volume,22.5_close,22.5_high,22.5_low,22.5_open,22.5_volume,23.0_close,23.0_high,23.0_low,23.0_open,23.0_volume,23.5_close,23.5_high,23.5_low,23.5_open,23.5_volume,24.0_close,24.0_high,24.0_low,24.0_open,24.0_volume,24.5_close,24.5_high,24.5_low,24.5_open,24.5_volume,25.0_close,25.0_high,25.0_low,25.0_open,25.0_volume,25.5_close,25.5_high,25.5_low,25.5_open,25.5_volume,26.0_close,26.0_high,26.0_low,26.0_open,26.0_volume,26.5_close,26.5_high,26.5_low,26.5_open,26.5_volume,27.0_close,27.0_high,27.0_low,27.0_open,27.0_volume,27.5_close,27.5_high,27.5_low,27.5_open,27.5_volume,28.0_close,28.0_high,28.0_low,28.0_open,28.0_volume,28.5_close,28.5_high,28.5_low,28.5_open,28.5_volume,29.0_close,29.0_high,29.0_low,29.0_open,29.0_volume,29.5_close,29.5_high,29.5_low,29.5_open,29.5_volume
2019-05-06,2019-05-06,26.86,28.22,26.66,27.96,43610349.0,,,,,,,,,,,,,,,,,,,,,,,,,,,,,,,,,,,,,,,,,,,,,,,,,,,,,,,,,,,,,,,,,,,,,,,,,,,,,,,,,,,,,,,,,,,,,,,,,,,,
2019-05-07,2019-05-07,31.33,32.07,28.14,28.41,85493717.0,,,,,,,,,,,,,,,,,,,,,,,,,,,,,,,,,,,,,,,,,,,,,,,,,,,,,,,,,,,,,,,,,,,,,,,,,,,,,,,,,,,,,,,,,,,,,,,,,,,,
2019-05-08,2019-05-08,30.71,31.54,29.61,30.99,44684771.0,,,,,,,,,,,,,,,,,,,,,,,,,,,,,,,,,,,,,,,,,,,,,,,,,,,,,,,,,,,,,,,,,,,,,,,,,,,,,,,,,,,,,,,,,,,,,,,,,,,,
2019-05-09,2019-05-09,30.55,33.29,30.46,32.4,60451039.0,,,,,,,,,,,,,,,,,,,,,,,,,,,,,,,,,,,,,,,,,,,,,,,,,,,,,,,,,,,,,,,,,,,,,,,,,,,,,,,,,,,,,,,,,,,,,,,,,,,,
2019-05-10,2019-05-10,28.19,31.6399,28.19,30.88,60955834.0,,,,,,,,,,,,,,,,,,,,,,,,,,,,,,,,,,,,,,,,,,,,,,,,,,,,,,,,,,,,,,,,,,,,,,,,,,,,,,,,,,,,,,,,,,,,,,,,,,,,
2019-05-13,2019-05-13,32.45,32.59,30.82,31.67,60055151.0,,,,,,,,,,,,,,,,,,,,,,,,,,,,,,,,,,,,,,,,,,,,,,,,,,,,,,,,,,,,,,,,,,,,,,,,,,,,,,,,,,,,,,,,,,,,,,,,,,,,
2019-05-14,2019-05-14,30.65,31.44,30.23,31.24,36854411.0,,,,,,,,,,,,,,,,,,,,,,,,,,,,,,,,,,,,,,,,,,,,,,,,,,,,,,,,,,,,,,,,,,,,,,,,,,,,,,,,,,,,,,,,,,,,,,,,,,,,
2019-05-15,2019-05-15,29.36,31.7179,29.27,31.5,32088264.0,,,,,,,,,,,,,,,,,,,,,,,,,,,,,,,,,,,,,,,,,,,,,,,,,,,,,,,,,,,,,,,,,,,,,,,,,,,,,,,,,,,,,,,,,,,,,,,,,,,,
2019-05-16,2019-05-16,28.1,29.1499,27.91,29.13,31128917.0,,,,,,,,,,,,,,,,,,,,,,,,,,,,,,,,,,,,,,,,,,,,,,,,,,,,,,,,,,,,,,,,,,,,,,,,,,,,,,,,,,,,,,,,,,,,,,,,,,,,
2019-05-17,2019-05-17,28.52,29.26,27.73,29.24,43742319.0,,,,,,,,,,,,,,,,,,,,,,,,,,,,,,,,,,,,,,,,,,,,,,,,,,,,,,,,,,,,,,,,,,,,,,,,,,,,,,,,,,,,,,,,,,,,,,,,,,,,
2019-05-20,2019-05-20,28.94,29.8,28.4,29.31,32737337.0,,,,,,,,,,,,,,,,,,,,,,,,,,,,,,,,,,,,,,,,,,,,,,,,,,,,,,,,,,,,,,,,,,,,,,,,,,,,,,,,,,,,,,,,,,,,,,,,,,,,
2019-05-21,2019-05-21,27.48,28.02,27.39,28.0,23455232.0,,,,,,,,,,,,,,,,,,,,,,,,,,,,,,,5.75,5.75,5.75,5.75,1.0,,,,,,,,,,,,,,,,4.85,4.85,4.85,4.85,1.0,,,,,,,,,,,,,,,,4.03,4.03,4.03,4.03,1.0,,,,,,3.45,3.7,3.45,3.7,15.0,,,,,,3.14,3.32,3.14,3.32,2.0,,,,,
2019-05-22,2019-05-22,27.22,27.69,26.93,27.6,28075437.0,,,,,,,,,,,,,,,,,,,,,,,,,,,,,,,5.42,5.42,5.42,5.42,3.0,,,,,,,,,,,,,,,,4.77,4.77,4.76,4.76,8.0,,,,,,,,,,,,,,,,3.6,3.75,3.6,3.75,11.0,,,,,,,,,,,,,,,,,,,,,,,,,
2019-05-23,2019-05-23,29.02,29.5,28.25,28.25,42745667.0,,,,,,,,,,,,,,,,,,,,,,,,,,,,,,,6.85,6.85,6.85,6.85,1.0,,,,,,,,,,,,,,,,,,,,,,,,,,,,,,,,,,,,4.97,4.97,4.4,4.65,18.0,,,,,,,,,,,,,,,,3.85,4.02,3.57,3.57,7.0,,,,,
2019-05-24,2019-05-24,28.42,28.8,27.88,28.17,24589353.0,,,,,,,,,,,,,,,,,,,,,,,,,,,,,,,6.28,6.28,6.28,6.28,3.0,,,,,,,,,,,,,,,,,,,,,,,,,,,,,,,,,,,,4.25,4.35,4.25,4.35,34.0,,,,,,4.1,4.1,3.72,3.72,2.0,,,,,,,,,,,,,,,
2019-05-28,2019-05-28,29.27,29.27,27.76,28.22,22138340.0,,,,,,,,,,,,,,,,,,,,,,,,,,,,,,,,,,,,,,,,,5.62,5.62,5.62,5.62,1.0,,,,,,,,,,,,,,,,4.8,4.8,4.8,4.8,1.0,,,,,,4.45,4.45,4.0,4.05,35.0,,,,,,4.4,4.4,4.29,4.3,4.0,,,,,,3.93,3.95,3.26,3.3,20.0,,,,,
2019-05-29,2019-05-29,29.84,30.3701,29.32,29.89,33021038.0,,,,,,,,,,,,,,,,,,,,,,,,,,,,,,,,,,,,,,,,,6.94,6.94,6.94,6.94,1.0,,,,,,5.95,5.95,5.95,5.95,8.0,,,,,,,,,,,,,,,,5.46,5.46,5.3,5.3,2.0,,,,,,5.05,5.1,4.85,4.85,14.0,,,,,,4.18,4.46,4.18,4.46,2.0,,,,,
2019-05-30,2019-05-30,29.31,29.88,28.845,29.11,20277162.0,,,,,,,,,,,8.71,8.71,8.71,8.71,1.0,,,,,,,,,,,,,,,,7.5,7.5,7.16,7.16,2.0,,,,,,,,,,,,,,,,,,,,,,,,,,,,,,,,,,,,4.6,4.6,4.6,4.6,1.0,,,,,,4.45,4.45,4.45,4.45,3.0,,,,,,3.83,3.83,3.72,3.72,12.0,,,,,
2019-05-31,2019-05-31,30.42,30.89,29.905,30.73,28925166.0,,,,,,,,,,,,,,,,,,,,,,,,,,,,,,,,,,,,,,,,,,,,,,,,,,,,,,,,,,,,,,,,,,,,,,,5.56,5.69,5.56,5.69,13.0,,,,,,5.3,5.3,5.3,5.3,3.0,,,,,,4.6,4.6,4.55,4.55,2.0,,,,,
2019-06-03,2019-06-03,30.73,31.41,29.8199,30.4,29037266.0,,,,,,,,,,,,,,,,,,,,,,,,,,,,,,,8.24,8.24,8.24,8.24,10.0,,,,,,,,,,,,,,,,,,,,,,,,,,6.07,6.07,6.07,6.07,10.0,,,,,,5.56,5.56,5.56,5.56,1.0,,,,,,4.95,5.01,4.63,4.85,11.0,,,,,,4.75,4.75,4.75,4.75,1.0,,,,,
2019-06-04,2019-06-04,29.02,30.24,29.0,29.81,24171477.0,,,,,,,,,,,,,,,,,,,,,,,,,,,,,,,6.92,6.92,6.92,6.92,10.0,,,,,,6.3,6.3,6.3,6.3,2.0,,,,,,5.63,5.8,5.63,5.8,142.0,,,,,,,,,,,,,,,,4.5,4.9,4.5,4.9,60.0,,,,,,4.05,4.05,4.05,4.05,2.0,,,,,,3.7,4.05,3.7,4.05,58.0,,,,,
2019-06-05,2019-06-05,28.46,29.33,28.31,28.65,23479972.0,8.82,8.82,8.82,8.82,4.0,,,,,,,,,,,,,,,,,,,,,,,,,,,,,,,,,,,,5.67,6.1,5.67,6.1,2.0,,,,,,,,,,,,,,,,,,,,,,,,,,3.9,4.5,3.9,4.39,47.0,,,,,,3.95,3.95,3.95,3.95,3.0,,,,,,3.3,3.61,3.3,3.6,51.0,,,,,
2019-06-06,2019-06-06,27.85,28.55,27.77,28.24,18497198.0,8.3,8.54,8.3,8.45,65.0,,,,,,,,,,,,,,,,6.65,6.65,6.65,6.65,2.0,,,,,,,,,,,,,,,,,,,,,,,,,,4.75,4.75,4.75,4.75,80.0,,,,,,,,,,,,,,,,3.6,3.77,3.6,3.77,20.0,,,,,,3.35,3.55,3.35,3.55,2.0,,,,,,2.85,3.25,2.85,3.15,114.0,,,,,
2019-06-07,2019-06-07,28.06,28.1615,27.6,27.77,23326873.0,8.0,8.25,8.0,8.25,74.0,,,,,,,,,,,,,,,,,,,,,,,,,,5.81,5.81,5.8,5.8,50.0,,,,,,5.05,5.05,5.05,5.05,50.0,,,,,,4.77,4.77,4.55,4.55,90.0,,,,,,4.07,4.07,3.88,4.0,58.0,,,,,,3.67,3.67,3.55,3.65,7.0,,,,,,3.35,3.35,3.1,3.2,70.0,,,,,,2.86,2.9,2.8,2.8,121.0,,,,,
2019-06-10,2019-06-10,27.86,28.24,27.61,27.71,14480560.0,7.85,7.95,7.8,7.95,31.0,,,,,,,,,,,,,,,,,,,,,,,,,,5.8,5.8,5.8,5.8,10.0,,,,,,4.95,5.0,4.95,5.0,26.0,,,,,,4.37,4.42,4.37,4.4,13.0,,,,,,,,,,,,,,,,3.5,3.53,3.3,3.3,274.0,,,,,,3.08,3.2,3.05,3.05,50.0,,,,,,2.76,2.78,2.74,2.78,106.0,,,,,
2019-06-11,2019-06-11,27.91,28.3,27.3,27.4,18841531.0,8.0,8.05,7.62,7.62,26.0,,,,,,,,,,,,,,,,,,,,,,,,,,5.35,5.35,5.35,5.35,11.0,,,,,,5.05,5.05,5.05,5.05,4.0,,,,,,4.42,4.6,4.42,4.6,13.0,,,,,,4.1,4.1,4.1,4.1,1.0,,,,,,3.45,3.7,3.3,3.3,40.0,,,,,,3.06,3.3,2.86,2.86,51.0,,,,,,2.74,2.95,2.53,2.53,18.0,,,,,
2019-06-12,2019-06-12,27.78,28.3,27.66,28.11,14225241.0,7.8,7.8,7.8,7.8,5.0,,,,,,,,,,,,,,,,6.55,6.55,6.55,6.55,1.0,,,,,,,,,,,,,,,,5.05,5.05,5.05,5.05,3.0,,,,,,4.24,4.51,4.24,4.5,26.0,,,,,,,,,,,,,,,,3.33,3.64,3.33,3.64,63.0,,,,,,2.95,3.15,2.95,3.15,9.0,,,,,,2.57,2.71,2.57,2.71,17.0,,,,,
2019-06-13,2019-06-13,27.61,27.905,27.33,27.45,17051858.0,7.59,7.59,7.59,7.59,5.0,,,,,,,,,,,,,,,,,,,,,,,,,,5.15,5.15,5.15,5.15,19.0,,,,,,,,,,,,,,,,,,,,,,,,,,,,,,,,,,,,3.32,3.32,3.1,3.1,222.0,,,,,,2.84,2.84,2.68,2.68,195.0,,,,,,2.5,2.55,2.42,2.5,10.0,,,,,
2019-06-14,2019-06-14,27.32,28.06,27.28,27.8,13682989.0,7.65,8.05,7.65,8.05,126.0,,,,,,,,,,,,,,,,,,,,,,,,,,5.6,5.6,5.6,5.6,1.0,,,,,,,,,,,,,,,,,,,,,,,,,,3.4,3.85,3.4,3.78,21.0,,,,,,3.05,3.4,3.05,3.38,229.0,,,,,,2.55,3.05,2.55,2.99,100.0,,,,,,2.26,2.33,2.26,2.33,6.0,,,,,
2019-06-17,2019-06-17,27.03,27.36,26.8815,27.29,14470210.0,7.21,7.21,7.21,7.21,1.0,,,,,,6.25,6.54,6.25,6.54,21.0,,,,,,,,,,,,,,,,4.68,4.69,4.68,4.69,11.0,,,,,,4.4,4.4,4.4,4.4,100.0,,,,,,3.62,3.75,3.62,3.75,3.0,,,,,,3.1,3.1,3.1,3.1,2.0,,,,,,2.76,2.89,2.72,2.89,214.0,,,,,,2.37,2.56,2.37,2.56,53.0,,,,,,2.08,2.21,2.05,2.21,11.0,,,,,
2019-06-18,2019-06-18,26.82,26.98,26.35,26.54,24889651.0,6.88,6.88,6.52,6.52,10.0,,,,,,5.75,5.75,5.75,5.75,23.0,,,,,,,,,,,,,,,,4.66,4.66,4.28,4.39,105.0,,,,,,3.95,3.95,3.7,3.7,95.0,,,,,,3.43,3.43,3.41,3.41,7.0,,,,,,2.96,3.1,2.76,2.94,145.0,,,,,,2.63,2.68,2.38,2.5,612.0,,,,,,2.3,2.3,2.06,2.06,61.0,,,,,,2.03,2.07,1.85,1.93,899.0,,,,,
2019-06-19,2019-06-19,25.93,26.93,25.88,26.65,29671248.0,6.05,6.9,6.05,6.88,89.0,,,,,,5.4,5.43,5.4,5.43,46.0,,,,,,4.52,4.95,4.48,4.95,36.0,,,,,,3.8,4.3,3.8,4.3,18.0,,,,,,3.3,4.0,3.3,4.0,34.0,,,,,,2.83,3.45,2.83,3.45,124.0,,,,,,2.4,2.97,2.4,2.93,63.0,,,,,,2.04,2.63,2.04,2.58,301.0,,,,,,1.9,2.21,1.9,2.21,65.0,,,,,,1.79,1.96,1.79,1.95,14.0,,,,,
2019-06-20,2019-06-20,26.01,26.82,25.26,25.46,34444193.0,5.9,6.85,5.63,5.68,133.0,,,,,,5.32,5.7,5.32,5.7,9.0,,,,,,4.35,5.05,4.1,4.1,47.0,,,,,,3.8,4.3,3.53,3.53,71.0,,,,,,3.2,3.82,2.9,2.96,74.0,,,,,,2.84,3.35,2.46,2.59,334.0,,,,,,2.51,3.0,2.1,2.17,172.0,,,,,,2.11,2.6,1.8,1.88,818.0,,,,,,1.92,2.2,1.58,1.58,358.0,,,,,,1.51,1.87,1.32,1.4,127.0,,,,,
2019-06-21,2019-06-21,26.62,26.81,25.885,26.2,19740690.0,6.6,6.6,6.15,6.3,51.0,,,,,,5.3,5.3,5.3,5.3,10.0,,,,,,,,,,,,,,,,3.97,3.97,3.97,3.97,2.0,,,,,,3.66,3.75,3.35,3.35,15.0,,,,,,3.05,3.05,2.8,3.0,17.0,,,,,,2.59,2.65,2.37,2.65,183.0,,,,,,2.31,2.45,2.07,2.3,169.0,,,,,,2.05,2.05,1.76,1.96,763.0,,,,,,1.66,1.68,1.54,1.68,120.0,,,,,
2019-06-24,2019-06-24,26.38,26.52,26.14,26.45,12634966.0,6.45,6.55,6.36,6.55,33.0,,,,,,5.41,5.41,5.4,5.4,20.0,,,,,,4.74,4.81,4.74,4.81,55.0,,,,,,,,,,,,,,,,3.55,3.55,3.4,3.4,9.0,,,,,,3.05,3.06,2.89,3.0,40.0,,,,,,2.59,2.69,2.47,2.69,302.0,,,,,,2.23,2.29,2.11,2.29,130.0,,,,,,1.92,1.95,1.82,1.91,127.0,,,,,,1.66,1.66,1.56,1.65,21.0,,,,,
2019-06-25,2019-06-25,27.05,27.181,26.37,26.4,17296855.0,7.15,7.15,6.55,6.75,68.0,,,,,,5.97,5.97,5.65,5.65,9.0,,,,,,5.25,5.25,4.95,4.95,118.0,,,,,,4.64,4.64,4.3,4.3,34.0,,,,,,3.94,4.1,3.6,3.61,36.0,,,,,,3.45,3.45,3.03,3.03,35.0,,,,,,2.93,3.0,2.62,2.69,189.0,,,,,,2.6,2.6,2.2,2.32,131.0,,,,,,2.2,2.25,1.9,1.9,122.0,,,,,,1.86,1.86,1.63,1.63,274.0,,,,,
2019-06-26,2019-06-26,26.84,27.05,26.39,26.52,13586640.0,6.9,7.0,6.75,6.75,7.0,,,,,,6.0,6.0,6.0,6.0,25.0,,,,,,5.1,5.1,5.1,5.1,15.0,,,,,,,,,,,,,,,,3.8,3.8,3.55,3.55,3.0,,,,,,3.28,3.3,3.2,3.2,29.0,,,,,,2.75,2.88,2.75,2.77,7.0,,,,,,2.4,2.53,2.2,2.27,161.0,,,,,,2.09,2.14,2.0,2.0,151.0,,,,,,1.84,1.85,1.62,1.63,98.0,,,,,
2019-06-27,2019-06-27,26.42,26.795,26.2,26.65,14890831.0,6.35,6.7,6.35,6.7,18.0,,,,,,,,,,,,,,,,,,,,,,,,,,4.15,4.3,4.14,4.14,25.0,,,,,,3.58,3.58,3.58,3.58,5.0,,,,,,3.02,3.02,2.91,3.01,34.0,,,,,,2.6,2.75,2.5,2.59,234.0,,,,,,2.22,2.38,2.14,2.35,568.0,,,,,,1.91,2.07,1.86,1.92,43.0,,,,,,1.65,1.72,1.56,1.72,23.0,,,,,
2019-06-28,2019-06-28,26.0,26.3,25.87,26.13,17624656.0,6.22,6.29,6.2,6.25,19.0,,,,,,5.3,5.41,5.3,5.41,45.0,,,,,,,,,,,,,,,,3.9,3.97,3.85,3.92,74.0,,,,,,3.4,3.4,3.31,3.31,14.0,,,,,,2.88,2.89,2.8,2.8,92.0,,,,,,2.37,2.52,2.37,2.45,80.0,,,,,,1.8,2.15,1.8,2.1,92.0,,,,,,1.76,1.82,1.72,1.78,132.0,,,,,,1.46,1.57,1.46,1.55,95.0,,,,,
2019-07-01,2019-07-01,24.56,25.08,24.46,24.55,30302465.0,4.8,5.12,4.67,4.75,96.0,,,,,,4.0,4.0,3.96,4.0,12.0,,,,,,3.25,3.3,3.25,3.3,69.0,,,,,,2.71,2.98,2.66,2.69,126.0,,,,,,2.21,2.47,2.16,2.21,236.0,,,,,,1.84,2.06,1.79,1.89,3899.0,,,,,,1.52,1.73,1.48,1.59,4370.0,,,,,,1.27,1.46,1.25,1.42,815.0,,,,,,1.07,1.22,1.04,1.09,800.0,,,,,,0.92,1.03,0.88,0.88,92.0,,,,,
2019-07-02,2019-07-02,23.65,24.6,23.61,24.6,26022509.0,3.9,4.7,3.9,4.7,197.0,,,,,,3.25,3.8,3.25,3.8,68.0,,,,,,2.6,3.25,2.6,3.25,90.0,,,,,,2.06,2.69,2.06,2.69,1263.0,,,,,,1.74,2.21,1.71,2.21,489.0,,,,,,1.39,1.83,1.38,1.83,386.0,,,,,,1.16,1.54,1.16,1.54,319.0,,,,,,0.98,1.27,0.96,1.27,1090.0,,,,,,0.83,1.05,0.82,1.05,425.0,,,,,,0.68,0.91,0.68,0.91,369.0,,,,,
2019-07-03,2019-07-03,23.51,23.88,23.42,23.67,15809303.0,4.02,4.03,4.0,4.0,5.0,,,,,,3.1,3.3,3.1,3.3,60.0,,,,,,2.52,2.74,2.52,2.7,17.0,,,,,,1.95,2.24,1.95,2.13,702.0,,,,,,1.68,1.82,1.64,1.72,315.0,,,,,,1.35,1.5,1.35,1.43,171.0,,,,,,1.1,1.24,1.1,1.2,515.0,,,,,,0.91,1.05,0.91,0.96,210.0,,,,,,0.82,0.87,0.79,0.84,66.0,,,,,,0.68,0.74,0.67,0.72,185.0,,,,,
2019-07-05,2019-07-05,23.58,24.71,23.5,24.01,24124885.0,3.85,4.82,3.85,4.25,70.0,,,,,,3.15,4.0,3.1,3.55,26.0,,,,,,2.61,3.16,2.61,3.16,112.0,,,,,,2.1,2.7,2.02,2.3,1879.0,,,,,,1.69,2.33,1.64,1.91,722.0,,,,,,1.42,1.95,1.34,1.57,405.0,,,,,,1.15,1.64,1.11,1.32,290.0,,,,,,0.97,1.35,0.94,1.06,251.0,,,,,,0.84,1.14,0.8,0.96,462.0,,,,,,0.69,1.0,0.68,0.84,58.0,,,,,
2019-07-08,2019-07-08,24.23,24.47,23.9,24.12,18014371.0,4.32,4.5,4.3,4.5,33.0,,,,,,3.4,3.7,3.4,3.7,27.0,,,,,,2.75,3.05,2.75,2.87,54.0,,,,,,2.28,2.5,2.28,2.5,211.0,,,,,,1.97,2.06,1.81,2.0,395.0,,,,,,1.47,1.71,1.47,1.69,280.0,,,,,,1.35,1.4,1.23,1.33,3334.0,,,,,,1.06,1.18,1.02,1.08,407.0,,,,,,0.93,0.99,0.87,0.92,73.0,,,,,,0.78,0.81,0.74,0.79,228.0,,,,,
2019-07-09,2019-07-09,24.3,24.96,24.22,24.96,15024150.0,4.46,4.7,4.41,4.7,39.0,,,,,,3.63,3.63,3.63,3.63,25.0,,,,,,2.95,3.3,2.94,3.3,69.0,,,,,,2.41,2.82,2.38,2.82,58.0,,,,,,1.95,2.34,1.95,2.06,297.0,,,,,,1.6,1.93,1.59,1.85,854.0,,,,,,1.34,1.6,1.32,1.6,2359.0,,,,,,1.09,1.3,1.09,1.3,300.0,,,,,,0.91,1.08,0.91,1.08,2556.0,,,,,,0.79,0.91,0.76,0.91,128.0,,,,,
2019-07-10,2019-07-10,23.56,23.9869,23.495,23.98,19868046.0,3.84,4.05,3.75,4.0,189.0,,,,,,3.05,3.21,2.98,3.21,120.0,,,,,,2.39,2.47,2.39,2.45,24.0,,,,,,1.9,2.11,1.9,2.11,898.0,,,,,,1.52,1.77,1.52,1.77,579.0,,,,,,1.25,1.4,1.25,1.4,526.0,,,,,,1.0,1.17,1.0,1.13,551.0,,,,,,0.86,0.98,0.85,0.92,858.0,,,,,,0.74,0.8,0.7,0.77,293.0,,,,,,0.6,0.67,0.6,0.65,145.0,,,,,
2019-07-11,2019-07-11,23.17,23.6,23.025,23.23,21061186.0,3.4,3.6,3.32,3.45,142.0,,,,,,2.9,2.92,2.69,2.7,257.0,,,,,,2.37,2.37,2.07,2.26,78.0,,,,,,1.73,1.93,1.64,1.88,654.0,,,,,,1.4,1.58,1.31,1.44,552.0,,,,,,1.16,1.29,1.06,1.23,2090.0,,,,,,0.97,1.05,0.87,0.93,1078.0,,,,,,0.8,0.85,0.72,0.75,527.0,,,,,,0.68,0.73,0.6,0.63,330.0,,,,,,0.59,0.59,0.5,0.51,57.0,,,,,
2019-07-12,2019-07-12,22.8,23.19,22.75,23.01,18425836.0,3.32,3.35,3.32,3.34,65.0,,,,,,2.38,2.64,2.38,2.6,74.0,,,,,,1.92,2.15,1.92,2.11,78.0,,,,,,1.48,1.69,1.48,1.63,1034.0,,,,,,1.18,1.37,1.18,1.33,493.0,,,,,,0.95,1.12,0.95,1.06,671.0,,,,,,0.78,0.92,0.77,0.88,507.0,,,,,,0.67,0.77,0.67,0.77,155.0,,,,,,0.54,0.63,0.54,0.61,896.0,,,,,,0.45,0.53,0.39,0.39,255.0,,,,,
2019-07-15,2019-07-15,22.71,22.93,22.58,22.69,15945412.0,2.95,3.11,2.95,3.05,76.0,,,,,,2.37,2.45,2.3,2.4,150.0,,,,,,1.84,1.92,1.81,1.89,125.0,,,,,,1.47,1.52,1.4,1.47,12730.0,,,,,,1.16,1.2,1.12,1.18,329.0,,,,,,0.93,0.99,0.9,0.96,1164.0,,,,,,0.76,0.8,0.74,0.8,586.0,,,,,,0.62,0.65,0.61,0.64,176.0,,,,,,0.51,0.54,0.51,0.52,277.0,,,,,,0.46,0.46,0.43,0.45,1255.0,,,,,
2019-07-16,2019-07-16,22.78,22.9,22.29,22.6,25415471.0,3.01,3.07,2.67,2.94,195.0,,,,,,2.25,2.42,2.08,2.21,150.0,,,,,,1.74,1.95,1.58,1.87,480.0,,,,,,1.49,1.52,1.25,1.35,386.0,,,,,,1.09,1.23,0.99,1.0,385.0,,,,,,0.89,0.98,0.78,0.82,3174.0,,,,,,0.78,0.82,0.64,0.77,4016.0,,,,,,0.6,0.66,0.53,0.66,867.0,,,,,,0.5,0.53,0.46,0.49,777.0,,,,,,0.49,0.49,0.38,0.39,1121.0,,,,,
2019-07-17,2019-07-17,23.36,23.36,22.44,22.58,29056917.0,3.6,3.6,2.8,2.87,1226.0,,,,,,2.75,2.76,2.18,2.18,133.0,,,,,,2.15,2.15,1.66,1.7,473.0,,,,,,1.73,1.73,1.32,1.4,971.0,,,,,,1.42,1.42,1.05,1.05,726.0,,,,,,1.09,1.1,0.83,0.86,1159.0,,,,,,0.94,0.94,0.67,0.69,1051.0,,,,,,0.78,0.78,0.56,0.56,256.0,,,,,,0.6,0.62,0.48,0.48,201.0,,,,,,0.49,0.51,0.4,0.4,1745.0,,,,,
2019-07-18,2019-07-18,23.115,23.715,22.71,23.34,27076320.0,3.34,3.8,3.1,3.4,3179.0,,,,,,2.5,3.02,2.36,2.71,448.0,,,,,,1.87,2.4,1.76,2.27,566.0,,,,,,1.56,1.9,1.37,1.75,780.0,,,,,,1.2,1.51,1.12,1.39,381.0,,,,,,0.98,1.21,0.85,1.14,1105.0,,,,,,0.77,0.98,0.68,0.93,1061.0,,,,,,0.62,0.79,0.57,0.73,558.0,,,,,,0.48,0.66,0.48,0.61,78.0,,,,,,0.44,0.56,0.41,0.56,723.0,,,,,
2019-07-19,2019-07-19,23.38,23.43,22.59,22.67,26220800.0,3.6,3.6,2.83,2.86,3115.0,,,,,,2.72,2.72,2.15,2.24,88.0,,,,,,2.1,2.14,1.63,1.73,1042.0,,,,,,1.68,1.68,1.25,1.3,2488.0,,,,,,1.38,1.38,0.96,1.01,1537.0,,,,,,1.1,1.1,0.75,0.85,3855.0,,,,,,0.87,0.87,0.61,0.61,1429.0,,,,,,0.68,0.68,0.5,0.56,429.0,,,,,,0.55,0.57,0.41,0.44,160.0,,,,,,0.45,0.45,0.35,0.36,96.0,,,,,
2019-07-22,2019-07-22,22.91,23.48,22.74,23.35,21908515.0,3.0,3.58,3.0,3.58,46.0,2.61,2.85,2.57,2.8,98.0,2.27,2.68,2.27,2.64,110.0,2.0,2.31,1.94,2.31,58.0,1.73,2.09,1.67,2.04,499.0,1.51,1.82,1.46,1.78,40.0,1.25,1.64,1.22,1.59,1124.0,1.14,1.44,1.11,1.44,97.0,0.95,1.26,0.95,1.26,4610.0,0.86,1.01,0.86,1.01,57.0,0.78,1.02,0.73,0.97,5901.0,0.66,0.85,0.66,0.85,20.0,0.61,0.82,0.58,0.82,6366.0,0.6,0.6,0.6,0.6,4.0,0.45,0.64,0.45,0.64,627.0,,,,,,0.38,0.52,0.38,0.52,53.0,0.41,0.41,0.41,0.41,1.0,0.37,0.43,0.35,0.43,31.0,0.36,0.36,0.36,0.36,4.0
2019-07-23,2019-07-23,22.1,22.88,22.08,22.51,18943361.0,2.4,2.91,2.4,2.91,141.0,2.07,2.42,2.07,2.42,43.0,1.74,2.23,1.74,2.23,110.0,1.51,1.77,1.51,1.77,35.0,1.28,1.74,1.28,1.44,258.0,1.12,1.49,1.11,1.49,52.0,0.96,1.24,0.95,1.14,986.0,0.92,1.03,0.92,0.99,251.0,0.75,1.0,0.72,0.84,867.0,0.71,0.79,0.71,0.77,114.0,0.58,1.22,0.56,1.22,2918.0,0.6,0.6,0.6,0.6,2.0,0.47,0.59,0.45,0.53,1266.0,0.55,0.55,0.55,0.55,1.0,0.39,0.47,0.36,0.43,2341.0,0.33,0.35,0.33,0.35,15.0,0.31,0.39,0.31,0.39,110.0,0.29,0.29,0.29,0.29,60.0,0.26,0.29,0.26,0.29,65.0,,,,,
2019-07-24,2019-07-24,21.54,22.37,21.41,22.34,18825276.0,1.97,2.37,1.97,2.37,70.0,1.66,2.03,1.66,2.03,101.0,1.38,1.74,1.33,1.74,214.0,1.22,1.42,1.14,1.41,530.0,1.03,1.35,0.99,1.35,821.0,0.87,1.13,0.85,1.13,373.0,0.82,1.0,0.73,1.0,3624.0,0.64,0.86,0.64,0.86,425.0,0.6,0.8,0.56,0.8,657.0,0.55,0.55,0.55,0.55,101.0,0.5,0.63,0.44,0.61,435.0,0.41,0.51,0.41,0.51,5.0,0.4,0.5,0.36,0.5,740.0,0.35,0.35,0.35,0.35,20.0,0.33,0.37,0.3,0.37,2665.0,0.3,0.34,0.3,0.34,78.0,0.25,0.3,0.25,0.28,571.0,,,,,,0.23,0.27,0.22,0.27,94.0,0.2,0.22,0.2,0.22,27.0
2019-07-25,2019-07-25,22.2,22.6,21.66,21.66,29862313.0,2.48,2.83,2.34,2.53,148.0,2.25,2.4,1.99,1.99,102.0,1.84,2.19,1.56,1.56,237.0,1.64,1.9,1.32,1.32,1985.0,1.42,1.68,1.16,1.16,999.0,1.2,1.41,1.02,1.05,595.0,1.01,1.32,0.89,0.89,2807.0,0.85,1.14,0.85,0.87,1003.0,0.79,1.04,0.68,0.68,887.0,0.7,0.88,0.66,0.66,525.0,0.62,0.82,0.55,0.55,2311.0,0.59,0.71,0.58,0.6,190.0,0.52,0.65,0.47,0.47,1712.0,0.47,0.55,0.46,0.47,3215.0,0.42,0.56,0.4,0.44,804.0,0.37,0.48,0.37,0.41,94.0,0.36,0.45,0.32,0.37,21316.0,0.33,0.34,0.33,0.34,77.0,0.31,0.38,0.26,0.26,71.0,0.28,0.28,0.28,0.28,8.0
2019-07-26,2019-07-26,21.64,21.83,21.46,21.79,18901474.0,2.03,2.11,1.88,2.11,548.0,1.69,1.75,1.62,1.75,54.0,1.44,1.52,1.34,1.5,1285.0,1.27,1.28,1.14,1.27,230.0,1.05,1.17,0.96,1.16,1710.0,0.92,0.95,0.84,0.91,615.0,0.81,0.82,0.73,0.81,3816.0,0.7,0.72,0.63,0.71,619.0,0.6,0.68,0.56,0.68,1762.0,0.54,0.55,0.5,0.53,254.0,0.49,0.51,0.44,0.47,5326.0,0.42,0.42,0.42,0.42,40.0,0.42,0.42,0.35,0.38,685.0,0.34,0.35,0.33,0.34,2479.0,0.34,0.36,0.28,0.36,1149.0,0.29,0.3,0.28,0.29,106.0,0.29,0.29,0.24,0.29,1708.0,0.27,0.27,0.26,0.26,87.0,0.24,0.25,0.21,0.22,1306.0,0.2,0.2,0.2,0.2,91.0
2019-07-29,2019-07-29,21.83,22.0,21.59,21.69,16615858.0,2.17,2.25,1.97,2.05,283.0,1.82,1.93,1.66,1.75,168.0,1.58,1.62,1.38,1.44,320.0,1.33,1.39,1.17,1.27,829.0,1.16,1.21,1.0,1.1,1121.0,0.98,1.01,0.9,0.93,1158.0,0.85,0.9,0.72,0.81,4466.0,0.75,0.77,0.65,0.71,444.0,0.68,0.7,0.57,0.61,1078.0,0.62,0.62,0.5,0.55,222.0,0.53,0.55,0.45,0.5,2817.0,0.48,0.48,0.43,0.46,3224.0,0.44,0.46,0.35,0.4,5312.0,0.35,0.44,0.32,0.44,18.0,0.36,0.38,0.31,0.35,265.0,0.34,0.34,0.3,0.31,36.0,0.3,0.39,0.26,0.39,162.0,0.3,0.3,0.25,0.25,121.0,0.26,0.34,0.22,0.33,200.0,0.23,0.24,0.21,0.22,149.0
2019-07-30,2019-07-30,22.34,22.47,21.94,22.26,23460651.0,2.55,2.6,2.29,2.49,132.0,2.24,2.27,2.01,2.13,37.0,2.1,2.1,1.68,1.93,155.0,1.71,1.73,1.43,1.73,661.0,1.56,1.56,1.18,1.52,2719.0,1.25,1.27,1.02,1.21,349.0,1.15,1.15,0.89,1.02,1755.0,0.97,0.97,0.8,0.9,184.0,0.93,1.0,0.69,0.75,961.0,0.71,0.71,0.64,0.71,122.0,0.7,0.71,0.55,0.71,948.0,0.62,0.62,0.48,0.6,323.0,0.58,0.58,0.44,0.53,263.0,0.52,0.52,0.41,0.47,46.0,0.43,0.44,0.36,0.4,1118.0,0.38,0.38,0.35,0.37,290.0,0.37,0.37,0.3,0.36,190.0,,,,,,0.28,0.31,0.28,0.3,107.0,0.26,0.26,0.25,0.25,2.0
2019-07-31,2019-07-31,23.59,24.34,21.93,22.31,53038065.0,3.63,4.12,2.28,2.65,1125.0,2.57,2.79,2.06,2.33,4084.0,2.9,3.54,1.64,1.99,579.0,2.53,2.82,1.41,1.68,434.0,2.33,2.79,1.15,1.43,5592.0,1.97,2.45,1.0,1.29,704.0,1.79,2.15,0.82,1.07,4054.0,1.55,1.86,0.75,0.99,703.0,1.4,2.28,0.65,0.87,5957.0,1.09,1.42,0.58,0.74,732.0,1.07,1.36,0.48,0.64,4677.0,0.89,1.12,0.49,0.6,191.0,0.84,1.05,0.4,0.53,1013.0,0.71,1.01,0.44,0.44,1309.0,0.7,0.9,0.32,0.45,641.0,0.51,0.61,0.3,0.39,164.0,0.52,0.74,0.27,0.34,2973.0,0.42,0.49,0.42,0.49,836.0,0.45,0.55,0.24,0.31,536.0,0.48,0.54,0.4,0.4,34.0
2019-08-01,2019-08-01,25.45,26.14,22.555,23.64,109087195.0,4.54,6.0,2.76,3.54,585.0,4.55,4.55,2.41,3.05,180.0,4.42,5.02,2.05,2.89,506.0,4.04,4.55,1.75,2.63,179.0,3.75,4.3,1.5,2.2,2583.0,3.15,3.6,1.29,1.93,1208.0,2.98,3.5,1.1,1.57,1581.0,2.63,3.3,1.0,1.44,2739.0,2.28,3.0,0.84,1.16,3334.0,2.1,2.54,0.72,1.01,500.0,1.79,2.45,0.64,0.9,4254.0,1.73,2.14,0.59,0.59,828.0,1.49,2.03,0.5,0.76,8763.0,1.32,1.72,0.5,0.6,1098.0,1.19,1.7,0.4,0.46,4924.0,1.06,1.41,0.4,0.52,547.0,1.0,1.4,0.32,0.45,2452.0,0.89,1.01,0.33,0.43,167.0,0.8,1.2,0.28,0.42,797.0,0.75,0.98,0.27,0.27,172.0
2019-08-02,2019-08-02,25.66,26.69,25.27,25.5,71310504.0,5.9,6.3,5.36,5.4,1188.0,5.46,5.88,5.46,5.88,35.0,4.95,5.7,4.42,4.42,344.0,4.25,5.1,4.1,4.15,225.0,3.99,4.85,3.67,3.7,598.0,3.78,4.26,3.34,3.34,53.0,3.15,4.03,2.87,2.94,756.0,2.94,3.45,2.6,2.6,286.0,2.44,3.35,2.28,2.37,4434.0,2.17,2.93,2.05,2.15,642.0,1.97,2.74,1.82,1.93,2006.0,1.55,2.5,1.55,1.69,1089.0,1.58,2.3,1.43,1.52,1304.0,1.41,2.07,1.33,1.35,679.0,1.29,1.9,1.16,1.22,3233.0,1.11,1.69,1.05,1.14,284.0,1.0,1.6,0.96,1.03,3854.0,0.85,1.45,0.85,0.88,543.0,0.73,1.34,0.72,0.8,2521.0,0.66,1.01,0.66,0.73,109.0
2019-08-05,2019-08-05,29.3,29.625,27.28,27.47,86663392.0,10.0,10.0,7.41,7.52,329.0,7.0,7.0,7.0,7.0,2.0,8.02,8.02,6.48,6.63,137.0,7.65,7.65,6.18,6.18,49.0,7.05,7.6,5.35,5.4,635.0,6.45,6.58,5.1,5.23,266.0,6.95,6.95,4.1,4.83,739.0,5.8,5.81,4.28,4.4,55.0,6.15,6.15,3.25,3.25,889.0,4.98,4.98,3.5,3.54,80.0,5.3,5.3,3.05,3.33,888.0,4.22,4.39,2.79,2.84,565.0,4.5,4.5,2.55,2.55,6420.0,3.64,3.64,2.26,2.26,370.0,3.75,3.75,2.07,2.2,2528.0,3.07,3.15,1.91,2.03,962.0,3.1,3.1,1.67,1.78,7277.0,2.39,2.75,1.57,1.68,2055.0,2.65,2.65,1.4,1.45,10109.0,2.37,2.4,1.31,1.35,4822.0
2019-08-06,2019-08-06,27.48,29.67,27.48,28.22,59849382.0,9.4,9.4,8.03,8.2,35.0,,,,,,7.0,8.34,6.85,7.25,28.0,7.5,7.5,6.41,6.41,4.0,5.75,7.35,5.75,6.05,20.0,5.67,5.67,5.67,5.67,2.0,4.76,6.53,4.76,5.22,137.0,5.65,5.79,4.92,4.92,3.0,4.1,5.65,3.93,4.43,296.0,3.78,4.8,3.78,4.04,28.0,3.19,4.81,3.19,3.55,504.0,3.27,4.49,2.91,3.33,461.0,2.55,4.15,2.55,2.7,346.0,2.25,3.44,2.25,2.49,1129.0,1.98,3.4,1.74,1.74,1218.0,2.02,3.2,1.76,2.15,1136.0,1.8,2.8,1.59,2.02,4049.0,1.4,2.49,1.4,1.71,1227.0,1.32,2.4,1.2,1.89,3236.0,1.17,2.22,1.1,1.37,1738.0
2019-08-07,2019-08-07,27.62,30.09,27.48,29.44,54533993.0,8.3,8.85,8.3,8.65,23.0,,,,,,7.46,8.7,7.35,8.7,31.0,7.17,8.2,6.95,8.19,400.0,5.74,8.0,5.62,7.52,314.0,5.17,7.3,5.17,7.22,390.0,5.25,7.05,5.19,6.65,105.0,4.39,5.08,4.39,5.08,13.0,3.96,5.85,3.85,5.77,70.0,3.6,5.48,3.6,5.45,44.0,3.15,5.15,3.12,4.75,533.0,2.79,4.78,2.78,4.34,122.0,2.57,4.3,2.45,4.05,272.0,2.31,3.8,2.31,3.6,196.0,2.04,3.5,1.95,2.99,320.0,1.74,3.28,1.73,2.9,343.0,1.67,3.15,1.51,2.62,1858.0,1.36,2.75,1.34,1.67,547.0,1.22,2.5,1.19,1.95,2157.0,1.07,2.29,1.02,1.84,1144.0
2019-08-08,2019-08-08,25.98,27.41,25.87,27.06,34369131.0,6.52,6.7,6.52,6.7,15.0,,,,,,5.25,6.05,5.25,6.05,34.0,4.9,4.9,4.9,4.9,3.0,4.2,5.1,4.2,5.1,148.0,3.5,4.3,3.5,4.3,16.0,3.14,4.16,3.14,4.05,60.0,2.89,3.95,2.88,3.8,192.0,2.32,3.4,2.29,3.36,491.0,2.06,2.94,1.98,2.94,280.0,1.81,2.73,1.7,2.57,837.0,1.53,2.39,1.46,2.33,518.0,1.29,2.18,1.22,2.09,995.0,1.08,1.79,1.06,1.79,717.0,0.92,1.71,0.9,1.61,1281.0,0.8,1.41,0.78,1.41,772.0,0.7,1.28,0.67,1.28,3147.0,0.6,1.09,0.57,1.07,1611.0,0.51,1.0,0.48,1.0,2354.0,0.41,0.86,0.41,0.85,821.0
2019-08-09,2019-08-09,26.93,27.465,26.18,26.43,38298114.0,6.29,7.32,6.29,6.44,184.0,6.8,6.8,6.43,6.45,9.0,5.27,6.09,5.2,5.2,17.0,5.12,5.67,4.79,5.5,65.0,4.57,5.3,4.54,5.15,66.0,4.13,4.78,3.75,3.9,21.0,3.47,4.3,3.21,3.21,133.0,2.88,3.62,2.88,3.02,102.0,2.76,3.65,2.45,2.64,505.0,2.18,3.1,2.18,2.32,249.0,2.24,2.82,1.8,1.99,1821.0,2.04,2.51,1.5,1.5,550.0,1.69,2.23,1.29,1.5,2607.0,1.52,1.9,1.1,1.17,3150.0,1.33,1.72,0.93,1.19,4664.0,1.13,1.51,0.81,0.96,1263.0,0.93,1.28,0.69,0.91,4409.0,0.8,1.17,0.6,0.69,3279.0,0.71,1.04,0.5,0.55,3457.0,0.58,0.87,0.41,0.41,991.0
2019-08-12,2019-08-12,28.89,28.99,27.25,27.35,28752436.0,8.95,8.95,7.75,7.76,63.0,,,,,,7.01,7.01,6.4,6.7,7.0,,,,,,6.99,6.99,5.6,5.69,19.0,5.3,5.3,5.3,5.3,1.0,5.9,5.9,4.45,4.5,92.0,5.23,5.25,4.2,4.35,32.0,5.11,5.11,3.6,3.89,136.0,4.2,4.2,3.19,3.31,95.0,4.25,4.25,2.58,2.76,724.0,3.75,3.75,2.16,2.16,278.0,3.4,3.4,1.95,2.03,1706.0,2.95,2.95,1.7,1.82,1004.0,2.6,2.6,1.45,1.62,1971.0,2.35,2.35,1.04,1.04,824.0,2.03,2.04,0.9,0.9,8129.0,1.61,1.72,0.91,0.92,2637.0,1.52,1.93,0.72,0.72,7875.0,1.3,1.8,0.6,0.6,2782.0
2019-08-13,2019-08-13,26.76,29.4,26.71,29.35,41956617.0,7.14,9.25,7.14,9.25,114.0,,,,,,5.92,7.75,5.92,7.75,22.0,,,,,,4.95,5.5,4.95,5.5,43.0,4.61,4.61,4.5,4.5,3.0,3.71,6.25,3.71,6.25,122.0,3.2,3.7,3.2,3.7,85.0,2.8,5.2,2.8,5.2,638.0,2.3,3.1,2.3,3.1,381.0,1.9,3.93,1.88,3.93,1012.0,1.68,3.2,1.64,3.2,251.0,1.26,3.5,1.26,3.5,921.0,1.07,3.03,1.05,3.03,2984.0,0.84,2.64,0.83,2.64,2472.0,0.68,2.34,0.68,2.29,2014.0,0.56,2.14,0.54,1.95,2983.0,0.44,1.87,0.44,1.87,2352.0,0.35,1.63,0.35,1.63,3420.0,0.33,1.4,0.32,1.37,1134.0
2019-08-14,2019-08-14,30.465,30.5,28.07,28.59,67110934.0,9.56,9.56,8.65,8.78,114.0,,,,,,9.06,9.06,7.2,7.75,8.0,6.83,6.83,6.82,6.82,5.0,8.0,8.1,7.53,7.53,112.0,7.36,7.7,6.05,6.05,7.0,6.8,7.12,5.69,5.69,51.0,6.75,6.75,5.0,5.0,131.0,6.5,6.5,4.25,4.25,115.0,5.5,5.5,3.83,3.83,31.0,4.98,5.2,3.29,3.5,712.0,4.48,4.48,2.88,3.3,115.0,4.37,4.55,2.29,2.68,981.0,3.8,3.8,1.98,2.3,2545.0,3.6,3.6,1.63,2.01,1646.0,3.1,3.1,1.4,1.56,1441.0,2.5,2.64,1.15,1.32,4346.0,2.33,2.33,0.94,1.2,2328.0,1.56,2.05,0.77,1.12,2955.0,1.53,1.71,0.66,0.68,1903.0
2019-08-15,2019-08-15,29.67,31.0,29.3715,29.72,39376746.0,9.86,9.86,9.86,9.86,1.0,,,,,,8.8,9.5,8.8,9.2,17.0,8.62,8.62,8.62,8.62,16.0,7.8,8.8,7.3,7.85,69.0,7.69,7.69,7.35,7.35,7.0,6.69,7.39,6.59,6.78,136.0,6.65,6.65,6.32,6.32,2.0,5.69,6.03,5.55,5.94,9.0,5.67,5.67,5.16,5.45,32.0,4.7,5.76,4.5,4.79,783.0,5.35,5.35,4.22,4.35,76.0,3.61,4.95,3.45,3.88,649.0,3.15,4.35,2.95,3.35,594.0,2.7,4.0,2.48,2.8,982.0,2.25,3.48,1.97,2.78,614.0,1.76,3.02,1.68,2.11,2588.0,1.43,2.5,1.27,1.27,506.0,1.18,2.18,1.01,1.51,1690.0,0.83,1.74,0.76,1.21,3705.0
2019-08-16,2019-08-16,28.03,29.14,27.96,29.09,27556919.0,8.07,8.09,8.07,8.09,150.0,,,,,,7.2,7.7,7.2,7.7,3.0,6.68,7.17,6.68,7.17,58.0,6.2,6.9,6.2,6.9,96.0,5.63,6.22,5.63,6.22,29.0,5.09,6.0,5.09,6.0,134.0,4.58,5.11,4.57,5.11,48.0,4.1,5.08,4.08,5.02,302.0,3.97,4.01,3.9,3.91,59.0,3.25,4.75,3.0,4.75,526.0,2.57,3.28,2.57,3.28,107.0,2.13,3.31,2.02,3.08,627.0,1.59,2.97,1.58,2.97,880.0,0.95,2.53,0.95,2.53,1416.0,0.58,1.7,0.5,1.7,701.0,0.1,1.2,0.1,1.2,7431.0,0.01,0.9,0.01,0.9,6534.0,0.01,0.61,0.01,0.43,26747.0,0.01,0.4,0.01,0.39,2463.0
2019-08-19,2019-08-19,25.98,26.9965,25.88,26.85,28490840.0,,,,,,,,,,,,,,,,,,,,,,,,,,,,,,,,,,,,,,,,,,,,,,,,,,,,,,,,,,,,,,,,,,,,,,,,,,,,,,,,,,,,,,,,,,,,,,,,,,,,
2019-08-20,2019-08-20,26.6,26.79,26.01,26.26,27521918.0,,,,,,,,,,,,,,,,,,,,,,,,,,,,,,,,,,,,,,,,,,,,,,,,,,,,,,,,,,,,,,,,,,,,,,,,,,,,,,,,,,,,,,,,,,,,,,,,,,,,
2019-08-21,2019-08-21,25.3,25.73,25.25,25.53,28577472.0,,,,,,,,,,,,,,,,,,,,,,,,,,,,,,,,,,,,,,,,,,,,,,,,,,,,,,,,,,,,,,,,,,,,,,,,,,,,,,,,,,,,,,,,,,,,,,,,,,,,
2019-08-22,2019-08-22,25.75,26.4599,25.075,25.09,31157200.0,,,,,,,,,,,,,,,,,,,,,,,,,,,,,,,,,,,,,,,,,,,,,,,,,,,,,,,,,,,,,,,,,,,,,,,,,,,,,,,,,,,,,,,,,,,,,,,,,,,,
2019-08-23,2019-08-23,28.96,29.46,25.46,26.63,78293234.0,,,,,,,,,,,,,,,,,,,,,,,,,,,,,,,,,,,,,,,,,,,,,,,,,,,,,,,,,,,,,,,,,,,,,,,,,,,,,,,,,,,,,,,,,,,,,,,,,,,,
2019-08-26,2019-08-26,28.1,28.97,27.44,27.53,32372753.0,,,,,,,,,,,,,,,,,,,,,,,,,,,,,,,,,,,,,,,,,,,,,,,,,,,,,,,,,,,,,,,,,,,,,,,,,,,,,,,,,,,,,,,,,,,,,,,,,,,,
2019-08-27,2019-08-27,28.67,29.39,27.54,27.63,26681523.0,,,,,,,,,,,,,,,,,,,,,,,,,,,,,,,,,,,,,,,,,,,,,,,,,,,,,,,,,,,,,,,,,,,,,,,,,,,,,,,,,,,,,,,,,,,,,,,,,,,,
2019-08-28,2019-08-28,28.02,29.75,28.0,29.33,28005357.0,,,,,,,,,,,,,,,,,,,,,,,,,,,,,,,,,,,,,,,,,,,,,,,,,,,,,,,,,,,,,,,,,,,,,,,,,,,,,,,,,,,,,,,,,,,,,,,,,,,,
2019-08-29,2019-08-29,26.85,27.44,26.58,27.18,28752821.0,,,,,,,,,,,,,,,,,,,,,,,,,,,,,,,,,,,,,,,,,,,,,,,,,,,,,,,,,,,,,,,,,,,,,,,,,,,,,,,,,,,,,,,,,,,,,,,,,,,,
2019-08-30,2019-08-30,27.0,27.64,26.3,26.3,28129769.0,,,,,,,,,,,,,,,,,,,,,,,,,,,,,,,,,,,,,,,,,,,,,,,,,,,,,,,,,,,,,,,,,,,,,,,,,,,,,,,,,,,,,,,,,,,,,,,,,,,,
2019-09-03,2019-09-03,28.19,28.45,27.52,28.0,36077100.0,,,,,,,,,,,,,,,,,,,,,,,,,,,,,,,,,,,,,,,,,,,,,,,,,,,,,,,,,,,,,,,,,,,,,,,,,,,,,,,,,,,,,,,,,,,,,,,,,,,,
2019-09-04,2019-09-04,26.45,27.59,26.43,27.09,36600867.0,,,,,,,,,,,,,,,,,,,,,,,,,,,,,,,,,,,,,,,,,,,,,,,,,,,,,,,,,,,,,,,,,,,,,,,,,,,,,,,,,,,,,,,,,,,,,,,,,,,,
2019-09-05,2019-09-05,25.47,25.85,25.15,25.79,41559964.0,,,,,,,,,,,,,,,,,,,,,,,,,,,,,,,,,,,,,,,,,,,,,,,,,,,,,,,,,,,,,,,,,,,,,,,,,,,,,,,,,,,,,,,,,,,,,,,,,,,,
2019-09-06,2019-09-06,24.72,25.315,24.6,25.14,30572398.0,,,,,,,,,,,,,,,,,,,,,,,,,,,,,,,,,,,,,,,,,,,,,,,,,,,,,,,,,,,,,,,,,,,,,,,,,,,,,,,,,,,,,,,,,,,,,,,,,,,,
2019-09-09,2019-09-09,24.48,25.14,24.22,24.27,31222789.0,,,,,,,,,,,,,,,,,,,,,,,,,,,,,,,,,,,,,,,,,,,,,,,,,,,,,,,,,,,,,,,,,,,,,,,,,,,,,,,,,,,,,,,,,,,,,,,,,,,,
2019-09-10,2019-09-10,24.4,25.18,24.34,24.82,29914315.0,,,,,,,,,,,,,,,,,,,,,,,,,,,,,,,,,,,,,,,,,,,,,,,,,,,,,,,,,,,,,,,,,,,,,,,,,,,,,,,,,,,,,,,,,,,,,,,,,,,,
2019-09-11,2019-09-11,24.02,24.46,23.86,24.37,33546901.0,,,,,,,,,,,,,,,,,,,,,,,,,,,,,,,,,,,,,,,,,,,,,,,,,,,,,,,,,,,,,,,,,,,,,,,,,,,,,,,,,,,,,,,,,,,,,,,,,,,,
2019-09-12,2019-09-12,23.45,23.9,23.17,23.57,42894510.0,,,,,,,,,,,,,,,,,,,,,,,,,,,,,,,,,,,,,,,,,,,,,,,,,,,,,,,,,,,,,,,,,,,,,,,,,,,,,,,,,,,,,,,,,,,,,,,,,,,,
2019-09-13,2019-09-13,23.08,23.33,22.82,23.16,32599380.0,,,,,,,,,,,,,,,,,,,,,,,,,,,,,,,,,,,,,,,,,,,,,,,,,,,,,,,,,,,,,,,,,,,,,,,,,,,,,,,,,,,,,,,,,,,,,,,,,,,,
2019-09-16,2019-09-16,23.42,23.67,23.01,23.6,27943659.0,,,,,,,,,,,,,,,,,,,,,,,,,,,,,,,,,,,,,,,,,,,,,,,,,,,,,,,,,,,,,,,,,,,,,,,,,,,,,,,,,,,,,,,,,,,,,,,,,,,,
2019-09-17,2019-09-17,23.31,23.73,23.29,23.49,25161317.0,,,,,,,,,,,,,,,,,,,,,,,,,,,,,,,,,,,,,,,,,,,,,,,,,,,,,,,,,,,,,,,,,,,,,,,,,,,,,,,,,,,,,,,,,,,,,,,,,,,,
2019-09-18,2019-09-18,22.56,23.6915,22.5,23.1,54380388.0,,,,,,,,,,,,,,,,,,,,,,,,,,,,,,,,,,,,,,,,,,,,,,,,,,,,,,,,,,,,,,,,,,,,,,,,,,,,,,,,,,,,,,,,,,,,,,,,,,,,
2019-09-19,2019-09-19,22.15,22.315,21.8,22.25,33074777.0,,,,,,,,,,,,,,,,,,,,,,,,,,,,,,,,,,,,,,,,,,,,,,,,,,,,,,,,,,,,,,,,,,,,,,,,,,,,,,,,,,,,,,,,,,,,,,,,,,,,
2019-09-20,2019-09-20,23.29,23.48,21.83,21.92,38357372.0,,,,,,,,,,,,,,,,,,,,,,,,,,,,,,,,,,,,,,,,,,,,,,,,,,,,,,,,,,,,,,,,,,,,,,,,,,,,,,,,,,,,,,,,,,,,,,,,,,,,
2019-09-23,2019-09-23,23.09,23.44,22.7,23.38,23116668.0,,,,,,,,,,,,,,,,,,,,,,,,,,,,,,,,,,,,,,,,,,,,,,,,,,,,,,,,,,,,,,,,,,,,,,,,,,,,,,,,,,,,,,,,,,,,,,,,,,,,
2019-09-24,2019-09-24,24.16,24.34,22.45,22.52,63880942.0,,,,,,,,,,,,,,,,,,,,,,,,,,,,,,,,,,,,,,,,,,,,,,,,,,,,,,,,,,,,,,,,,,,,,,,,,,,,,,,,,,,,,,,,,,,,,,,,,,,,
2019-09-25,2019-09-25,23.61,24.97,23.4,24.1,43369035.0,,,,,,,,,,,,,,,,,,,,,,,,,,,,,,,,,,,,,,,,,,,,,,,,,,,,,,,,,,,,,,,,,,,,,,,,,,,,,,,,,,,,,,,,,,,,,,,,,,,,
2019-09-26,2019-09-26,23.81,24.26,23.53,23.55,31422590.0,,,,,,,,,,,,,,,,,,,,,,,,,,,,,,,,,,,,,,,,,,,,,,,,,,,,,,,,,,,,,,,,,,,,,,,,,,,,,,,,,,,,,,,,,,,,,,,,,,,,
2019-09-27,2019-09-27,24.46,25.115,23.38,23.51,54237460.0,,,,,,,,,,,,,,,,,,,,,,,,,,,,,,,,,,,,,,,,,,,,,,,,,,,,,,,,,,,,,,,,,,,,,,,,,,,,,,,,,,,,,,,,,,,,,,,,,,,,
2019-09-30,2019-09-30,23.74,24.21,23.48,24.18,24118716.0,,,,,,,,,,,,,,,,,,,,,,,,,,,,,,,,,,,,,,,,,,,,,,,,,,,,,,,,,,,,,,,,,,,,,,,,,,,,,,,,,,,,,,,,,,,,,,,,,,,,
2019-10-01,2019-10-01,24.79,24.8,23.05,23.13,48062831.0,,,,,,,,,,,,,,,,,,,,,,,,,,,,,,,,,,,,,,,,,,,,,,,,,,,,,,,,,,,,,,,,,,,,,,,,,,,,,,,,,,,,,,,,,,,,,,,,,,,,
2019-10-02,2019-10-02,26.45,26.76,25.47,25.48,84176579.0,,,,,,,,,,,,,,,,,,,,,,,,,,,,,,,,,,,,,,,,,,,,,,,,,,,,,,,,,,,,,,,,,,,,,,,,,,,,,,,,,,,,,,,,,,,,,,,,,,,,
2019-10-03,2019-10-03,25.44,27.1,25.43,26.36,51516387.0,,,,,,,,,,,,,,,,,,,,,,,,,,,,,,,,,,,,,,,,,,,,,,,,,,,,,,,,,,,,,,,,,,,,,,,,,,,,,,,,,,,,,,,,,,,,,,,,,,,,
2019-10-04,2019-10-04,24.09,25.27,24.05,25.25,29824933.0,,,,,,,,,,,,,,,,,,,,,,,,,,,,,,,,,,,,,,,,,,,,,,,,,,,,,,,,,,,,,,,,,,,,,,,,,,,,,,,,,,,,,,,,,,,,,,,,,,,,
2019-10-07,2019-10-07,24.27,24.68,23.76,24.42,29089980.0,,,,,,,,,,,,,,,,,,,,,,,,,,,,,,,,,,,,,,,,,,,,,,,,,,,,,,,,,,,,,,,,,,,,,,,,,,,,,,,,,,,,,,,,,,,,,,,,,,,,
2019-10-08,2019-10-08,26.24,26.27,24.93,25.2,49469482.0,,,,,,,,,,,,,,,,,,,,,,,,,,,,,,,,,,,,,,,,,,,,,,,,,,,,,,,,,,,,,,,,,,,,,,,,,,,,,,,,,,,,,,,,,,,,,,,,,,,,
2019-10-09,2019-10-09,25.36,25.83,24.76,25.45,30012701.0,,,,,,,,,,,,,,,,,,,,,,,,,,,,,,,,,,,,,,,,,,,,,,,,,,,,,,,,,,,,,,,,,,,,,,,,,,,,,,,,,,,,,,,,,,,,,,,,,,,,
2019-10-10,2019-10-10,24.43,25.4,24.355,25.32,34818530.0,,,,,,,,,,,,,,,,,,,,,,,,,,,,,,,,,,,,,,,,,,,,,,,,,,,,,,,,,,,,,,,,,,,,,,,,,,,,,,,,,,,,,,,,,,,,,,,,,,,,
2019-10-11,2019-10-11,23.02,23.82,22.62,23.7,74386222.0,,,,,,,,,,,,,,,,,,,,,,,,,,,,,,,,,,,,,,,,,,,,,,,,,,,,,,,,,,,,,,,,,,,,,,,,,,,,,,,,,,,,,,,,,,,,,,,,,,,,
2019-10-14,2019-10-14,22.27,23.11,22.24,23.09,30104234.0,,,,,,,,,,,,,,,,,,,,,,,,,,,,,,,,,,,,,,,,,,,,,,,,,,,,,,,,,,,,,,,,,,,,,,,,,,,,,,,,,,,,,,,,,,,,,,,,,,,,
2019-10-15,2019-10-15,21.69,21.9,21.36,21.84,46193742.0,,,,,,,,,,,,,,,,,,,,,,,,,,,,,,,,,,,,,,,,,,,,,,,,,,,,,,,,,,,,,,,,,,,,,,,,,,,,,,,,,,,,,,,,,,,,,,,,,,,,
2019-10-16,2019-10-16,21.42,21.88,21.37,21.66,28359123.0,,,,,,,,,,,,,,,,,,,,,,,,,,,,,,,,,,,,,,,,,,,,,,,,,,,,,,,,,,,,,,,,,,,,,,,,,,,,,,,,,,,,,,,,,,,,,,,,,,,,
2019-10-17,2019-10-17,21.29,21.43,20.965,21.21,26156003.0,,,,,,,,,,,,,,,,,,,,,,,,,,,,,,,,,,,,,,,,,,,,,,,,,,,,,,,,,,,,,,,,,,,,,,,,,,,,,,,,,,,,,,,,,,,,,,,,,,,,
2019-10-18,2019-10-18,21.24,21.76,21.03,21.38,32607762.0,,,,,,,,,,,,,,,,,,,,,,,,,,,,,,,,,,,,,,,,,,,,,,,,,,,,,,,,,,,,,,,,,,,,,,,,,,,,,,,,,,,,,,,,,,,,,,,,,,,,
