date,Underlying_date,Underlying_close,Underlying_high,Underlying_low,Underlying_open,Underlying_volume,23.0_close,23.0_high,23.0_low,23.0_open,23.0_volume,23.5_close,23.5_high,23.5_low,23.5_open,23.5_volume,24.0_close,24.0_high,24.0_low,24.0_open,24.0_volume,24.5_close,24.5_high,24.5_low,24.5_open,24.5_volume,25.0_close,25.0_high,25.0_low,25.0_open,25.0_volume,25.5_close,25.5_high,25.5_low,25.5_open,25.5_volume,26.0_close,26.0_high,26.0_low,26.0_open,26.0_volume,26.5_close,26.5_high,26.5_low,26.5_open,26.5_volume,27.0_close,27.0_high,27.0_low,27.0_open,27.0_volume,27.5_close,27.5_high,27.5_low,27.5_open,27.5_volume,28.0_close,28.0_high,28.0_low,28.0_open,28.0_volume,28.5_close,28.5_high,28.5_low,28.5_open,28.5_volume,29.0_close,29.0_high,29.0_low,29.0_open,29.0_volume,29.5_close,29.5_high,29.5_low,29.5_open,29.5_volume
2019-05-06,2019-05-06,26.86,28.22,26.66,27.96,43610349.0,,,,,,,,,,,,,,,,,,,,,,,,,,,,,,,,,,,,,,,,,,,,,,,,,,,,,,,,,,,,,,,,,,,,,,
2019-05-07,2019-05-07,31.33,32.07,28.14,28.41,85493717.0,,,,,,,,,,,,,,,,,,,,,,,,,,,,,,,,,,,,,,,,,,,,,,,,,,,,,,,,,,,,,,,,,,,,,,
2019-05-08,2019-05-08,30.71,31.54,29.61,30.99,44684771.0,,,,,,,,,,,,,,,,,,,,,,,,,,,,,,,,,,,,,,,,,,,,,,,,,,,,,,,,,,,,,,,,,,,,,,
2019-05-09,2019-05-09,30.55,33.29,30.46,32.4,60451039.0,0.36,0.36,0.36,0.36,1.0,,,,,,0.52,0.52,0.35,0.35,61.0,,,,,,0.62,0.62,0.62,0.62,10.0,,,,,,,,,,,0.85,0.99,0.85,0.99,3.0,,,,,,,,,,,1.56,1.56,1.34,1.35,23.0,1.95,1.97,1.95,1.97,2.0,2.19,2.19,2.19,2.19,20.0,2.57,2.57,2.57,2.57,20.0
2019-05-10,2019-05-10,28.19,31.6399,28.19,30.88,60955834.0,0.45,0.45,0.29,0.29,43.0,0.56,0.56,0.56,0.56,40.0,0.73,0.73,0.58,0.6,1011.0,,,,,,,,,,,0.99,0.99,0.99,0.99,1.0,,,,,,1.5,1.5,1.16,1.16,78.0,,,,,,2.05,2.05,2.05,2.05,10.0,1.83,1.83,1.83,1.83,8.0,2.78,2.78,2.78,2.78,1.0,,,,,,2.94,2.94,2.94,2.94,50.0
2019-05-13,2019-05-13,32.45,32.59,30.82,31.67,60055151.0,0.24,0.24,0.24,0.24,3.0,0.29,0.29,0.29,0.29,2.0,,,,,,0.44,0.44,0.44,0.44,20.0,0.53,0.58,0.53,0.56,6.0,0.65,0.72,0.65,0.72,21.0,0.7,0.93,0.69,0.9,169.0,,,,,,1.14,1.14,1.14,1.14,2.0,1.18,1.25,1.18,1.25,20.0,1.66,1.66,1.49,1.54,15.0,1.56,1.95,1.56,1.95,20.0,2.12,2.12,1.82,1.82,180.0,,,,,
2019-05-14,2019-05-14,30.65,31.44,30.23,31.24,36854411.0,,,,,,0.32,0.33,0.32,0.33,12.0,0.43,0.43,0.42,0.43,256.0,0.55,0.55,0.55,0.55,1.0,0.62,0.66,0.62,0.66,2.0,0.75,0.75,0.75,0.75,1.0,0.98,0.98,0.89,0.89,12.0,,,,,,,,,,,1.51,1.51,1.5,1.5,13.0,,,,,,,,,,,2.11,2.11,2.11,2.11,42.0,,,,,
2019-05-15,2019-05-15,29.36,31.7179,29.27,31.5,32088264.0,,,,,,0.38,0.38,0.38,0.38,10.0,,,,,,0.42,0.42,0.42,0.42,1.0,0.78,0.78,0.78,0.78,1.0,,,,,,1.1,1.1,0.96,0.96,29.0,1.2,1.2,0.92,0.92,5.0,,,,,,,,,,,,,,,,2.25,2.25,2.25,2.25,10.0,2.62,2.62,1.91,1.91,2.0,,,,,
2019-05-16,2019-05-16,28.1,29.1499,27.91,29.13,31128917.0,0.39,0.39,0.39,0.39,3.0,,,,,,0.67,0.69,0.65,0.69,7.0,,,,,,1.06,1.06,1.01,1.01,42.0,1.2,1.2,1.19,1.19,4.0,1.44,1.47,1.44,1.45,15.0,1.66,1.67,1.66,1.67,3.0,,,,,,2.19,2.29,2.19,2.29,4.0,2.57,2.57,2.52,2.52,3.0,2.89,2.89,2.78,2.78,2.0,,,,,,,,,,
2019-05-17,2019-05-17,28.52,29.26,27.73,29.24,43742319.0,0.39,0.46,0.39,0.44,19.0,0.5,0.5,0.5,0.5,1.0,0.61,0.75,0.61,0.72,115.0,,,,,,1.1,1.11,1.06,1.06,120.0,1.18,1.18,1.18,1.18,1.0,1.37,1.37,1.37,1.37,2.0,1.64,1.64,1.64,1.64,1.0,1.85,1.85,1.85,1.85,1.0,2.14,2.38,2.14,2.38,85.0,2.47,2.68,2.43,2.43,3.0,2.77,2.77,2.63,2.63,18.0,3.11,3.11,2.84,2.84,90.0,,,,,
2019-05-20,2019-05-20,28.94,29.8,28.4,29.31,32737337.0,0.29,0.34,0.26,0.26,342.0,,,,,,0.5,0.53,0.5,0.53,27.0,0.72,0.72,0.72,0.72,1.0,0.87,0.9,0.79,0.85,27.0,1.06,1.08,1.06,1.08,21.0,1.17,1.28,1.17,1.17,45.0,1.45,1.45,1.31,1.41,4.0,1.77,1.77,1.7,1.7,2.0,1.86,2.03,1.65,1.82,100.0,2.18,2.18,2.18,2.18,1.0,2.61,2.69,2.24,2.24,262.0,2.94,2.94,2.67,2.67,155.0,3.25,3.25,3.2,3.2,18.0
2019-05-21,2019-05-21,27.48,28.02,27.39,28.0,23455232.0,0.41,0.41,0.35,0.38,19.0,0.52,0.52,0.52,0.52,7.0,0.69,0.69,0.6,0.66,15.0,0.84,0.84,0.82,0.82,17.0,1.1,1.1,1.0,1.01,30.0,,,,,,1.5,1.5,1.44,1.45,28.0,,,,,,2.05,2.05,2.0,2.0,4.0,2.32,2.32,2.32,2.32,121.0,2.7,2.7,2.62,2.62,141.0,2.93,2.93,2.93,2.93,100.0,3.3,3.3,3.25,3.25,26.0,3.65,3.7,3.65,3.7,101.0
2019-05-22,2019-05-22,27.22,27.69,26.93,27.6,28075437.0,0.41,0.42,0.38,0.39,29.0,,,,,,0.71,0.72,0.66,0.68,12.0,,,,,,1.07,1.08,1.06,1.06,24.0,1.23,1.23,1.23,1.23,12.0,1.6,1.6,1.5,1.5,16.0,,,,,,2.08,2.08,2.08,2.08,15.0,,,,,,2.81,2.9,2.63,2.76,26.0,2.95,3.09,2.93,3.09,12.0,,,,,,,,,,
2019-05-23,2019-05-23,29.02,29.5,28.25,28.25,42745667.0,0.24,0.25,0.21,0.24,331.0,0.28,0.33,0.28,0.33,111.0,0.38,0.47,0.38,0.47,59.0,0.5,0.58,0.5,0.58,24.0,0.63,0.77,0.6,0.77,129.0,0.92,0.92,0.92,0.92,1.0,0.95,1.15,0.95,1.15,40.0,,,,,,1.44,1.44,1.44,1.44,5.0,1.7,1.88,1.7,1.88,2.0,1.98,2.3,1.89,2.3,80.0,2.25,2.48,2.25,2.46,48.0,2.6,2.64,2.58,2.64,54.0,2.86,3.1,2.86,3.1,58.0
2019-05-24,2019-05-24,28.42,28.8,27.88,28.17,24589353.0,0.2,0.3,0.2,0.3,42.0,0.35,0.35,0.35,0.35,15.0,,,,,,,,,,,0.79,0.87,0.79,0.87,32.0,0.96,1.09,0.93,1.04,36.0,1.15,1.28,1.1,1.28,51.0,1.39,1.39,1.39,1.39,23.0,1.66,1.66,1.66,1.66,1.0,1.92,2.08,1.92,2.08,29.0,2.21,2.39,2.21,2.39,24.0,2.64,2.71,2.64,2.65,14.0,2.85,2.92,2.85,2.88,36.0,,,,,
2019-05-28,2019-05-28,29.27,29.27,27.76,28.22,22138340.0,0.25,0.25,0.23,0.23,15.0,0.21,0.21,0.21,0.21,1.0,,,,,,,,,,,0.53,0.57,0.53,0.57,8.0,0.84,0.89,0.84,0.89,7.0,0.96,1.1,0.96,1.1,14.0,1.03,1.44,1.03,1.44,32.0,1.58,1.58,1.58,1.58,5.0,1.49,2.0,1.49,2.0,10.0,1.76,2.24,1.76,2.24,315.0,,,,,,2.35,2.42,2.33,2.33,75.0,,,,,
2019-05-29,2019-05-29,29.84,30.3701,29.32,29.89,33021038.0,0.11,0.19,0.08,0.19,29.0,0.14,0.14,0.13,0.13,4.0,0.21,0.35,0.17,0.35,34.0,0.27,0.27,0.25,0.25,82.0,0.37,0.41,0.34,0.38,229.0,0.46,0.57,0.46,0.54,17.0,0.68,0.68,0.58,0.67,15.0,0.86,0.86,0.76,0.77,10.0,1.07,1.07,0.94,1.03,80.0,1.18,1.18,1.15,1.15,8.0,1.34,1.55,1.34,1.48,61.0,1.78,1.78,1.59,1.67,9.0,1.89,2.12,1.87,2.12,15.0,2.29,2.39,2.15,2.21,293.0
2019-05-30,2019-05-30,29.31,29.88,28.845,29.11,20277162.0,0.1,0.1,0.1,0.1,1.0,,,,,,0.18,0.2,0.18,0.2,3.0,0.28,0.28,0.28,0.28,50.0,0.38,0.48,0.36,0.48,373.0,0.53,0.53,0.49,0.49,9.0,0.69,0.8,0.61,0.72,27.0,0.86,0.95,0.86,0.95,43.0,1.04,1.14,1.04,1.14,79.0,1.14,1.45,1.14,1.45,101.0,1.61,1.71,1.61,1.71,55.0,1.89,1.89,1.89,1.89,4.0,2.04,2.31,1.89,2.31,39.0,2.36,2.38,2.25,2.38,8.0
2019-05-31,2019-05-31,30.42,30.89,29.905,30.73,28925166.0,0.07,0.08,0.07,0.08,57.0,0.09,0.09,0.09,0.09,1.0,0.16,0.16,0.16,0.16,1.0,0.19,0.2,0.19,0.19,6.0,0.26,0.29,0.26,0.29,2.0,0.37,0.37,0.35,0.37,6.0,0.49,0.55,0.45,0.47,59.0,0.62,0.63,0.61,0.63,4.0,0.81,0.88,0.77,0.79,14.0,0.96,1.02,0.91,0.96,9.0,1.18,1.27,1.09,1.13,55.0,1.4,1.4,1.4,1.4,1.0,1.64,1.78,1.57,1.64,67.0,1.92,1.92,1.87,1.88,22.0
2019-06-03,2019-06-03,30.73,31.41,29.8199,30.4,29037266.0,0.04,0.05,0.04,0.05,14.0,0.08,0.08,0.08,0.08,2.0,0.13,0.13,0.13,0.13,41.0,0.18,0.18,0.17,0.17,11.0,0.18,0.27,0.18,0.21,47.0,0.23,0.36,0.23,0.36,45.0,0.38,0.49,0.35,0.43,35.0,0.64,0.64,0.52,0.52,4.0,0.58,0.82,0.58,0.8,20.0,0.74,0.74,0.72,0.72,4.0,0.92,1.24,0.9,1.07,91.0,1.38,1.38,1.38,1.38,5.0,1.42,1.68,1.25,1.68,59.0,1.9,2.04,1.9,2.03,5.0
2019-06-04,2019-06-04,29.02,30.24,29.0,29.81,24171477.0,0.05,0.05,0.04,0.04,14.0,,,,,,,,,,,,,,,,0.24,0.24,0.22,0.22,102.0,0.33,0.33,0.31,0.31,10.0,0.5,0.5,0.46,0.47,11.0,0.65,0.65,0.6,0.6,12.0,0.86,0.86,0.73,0.78,87.0,1.09,1.09,0.93,0.94,85.0,1.26,1.26,1.26,1.26,75.0,1.5,1.5,1.45,1.45,16.0,1.92,1.92,1.74,1.81,39.0,2.12,2.12,1.88,1.88,21.0
2019-06-05,2019-06-05,28.46,29.33,28.31,28.65,23479972.0,0.05,0.05,0.04,0.05,8.0,,,,,,0.11,0.11,0.11,0.11,2.0,3.22,3.22,3.22,3.22,10.0,0.25,0.28,0.25,0.28,6.0,0.39,0.39,0.38,0.38,8.0,0.57,0.57,0.51,0.54,26.0,0.75,3.87,0.69,3.87,15.0,0.93,0.93,0.86,0.86,3.0,1.0,1.15,1.0,1.15,3.0,1.51,1.51,1.3,1.43,82.0,1.79,1.79,1.64,1.64,21.0,2.2,2.2,1.79,1.85,151.0,2.53,2.53,2.37,2.37,16.0
2019-06-06,2019-06-06,27.85,28.55,27.77,28.24,18497198.0,0.05,0.05,0.04,0.05,4.0,,,,,,0.13,0.13,0.13,0.13,4.0,0.21,0.22,0.21,0.22,5.0,0.33,0.35,0.32,0.35,12.0,0.49,0.5,0.41,0.45,75.0,0.67,0.67,0.57,0.61,32.0,0.89,0.89,0.89,0.89,4.0,1.14,1.14,0.98,1.0,148.0,1.39,1.39,1.23,1.23,9.0,1.68,1.7,1.48,1.58,88.0,1.88,1.89,1.81,1.89,17.0,2.35,2.35,2.1,2.1,47.0,2.69,2.69,2.5,2.56,99.0
2019-06-07,2019-06-07,28.06,28.1615,27.6,27.77,23326873.0,0.06,0.07,0.05,0.05,122.0,0.09,0.09,0.09,0.09,10.0,0.15,0.15,0.15,0.15,15.0,0.23,0.23,0.23,0.23,1.0,0.31,0.36,0.31,0.33,19.0,0.47,0.51,0.43,0.48,135.0,0.6,0.67,0.59,0.65,136.0,0.81,0.88,0.81,0.88,92.0,0.96,1.21,0.96,1.21,71.0,1.38,1.38,1.31,1.35,11.0,1.68,1.8,1.61,1.69,89.0,1.92,1.97,1.92,1.97,11.0,2.28,2.45,2.25,2.45,173.0,2.68,2.69,2.68,2.69,14.0
2019-06-10,2019-06-10,27.86,28.24,27.61,27.71,14480560.0,0.05,0.05,0.05,0.05,3.0,,,,,,,,,,,0.17,0.22,0.16,0.22,21.0,0.27,0.32,0.25,0.32,28.0,0.41,0.41,0.32,0.32,6.0,0.58,0.65,0.52,0.65,305.0,0.76,0.88,0.76,0.88,28.0,1.01,1.05,0.97,1.0,19.0,1.29,1.44,1.27,1.38,23.0,1.58,1.73,1.55,1.73,19.0,2.09,2.09,2.06,2.07,28.0,2.26,2.44,2.12,2.42,64.0,2.62,2.8,2.47,2.8,528.0
2019-06-11,2019-06-11,27.91,28.3,27.3,27.4,18841531.0,0.04,0.05,0.04,0.05,6.0,,,,,,0.08,0.14,0.08,0.13,45.0,0.13,0.13,0.13,0.13,66.0,0.21,0.3,0.21,0.29,287.0,0.33,0.34,0.3,0.3,21.0,0.51,0.68,0.44,0.68,172.0,0.65,0.9,0.65,0.9,213.0,0.93,1.19,0.86,1.18,318.0,1.18,1.47,1.16,1.45,37.0,1.51,1.74,1.34,1.72,34.0,1.71,1.95,1.67,1.95,31.0,2.07,2.55,2.07,2.55,29.0,2.5,2.89,2.4,2.89,42.0
2019-06-12,2019-06-12,27.78,28.3,27.66,28.11,14225241.0,,,,,,,,,,,0.07,0.07,0.07,0.07,1.0,0.11,0.11,0.11,0.11,284.0,0.19,0.2,0.19,0.19,15.0,0.3,0.32,0.28,0.29,3530.0,0.44,0.47,0.41,0.42,103.0,0.62,0.66,0.59,0.61,65.0,0.86,0.88,0.83,0.84,131.0,1.13,1.17,1.06,1.09,111.0,1.46,1.46,1.31,1.31,111.0,1.61,1.73,1.61,1.73,30.0,2.16,2.16,1.97,1.98,71.0,2.38,2.38,2.38,2.38,4.0
2019-06-13,2019-06-13,27.61,27.905,27.33,27.45,17051858.0,0.01,0.03,0.01,0.03,92.0,0.02,0.04,0.02,0.04,40.0,0.06,0.07,0.06,0.07,21.0,0.08,0.12,0.08,0.12,222.0,0.17,0.22,0.14,0.22,42.0,0.27,0.3,0.24,0.3,95.0,0.42,0.53,0.38,0.5,356.0,0.62,0.72,0.62,0.72,104.0,0.79,0.99,0.79,0.97,301.0,1.03,1.28,1.03,1.28,248.0,1.33,1.56,1.33,1.56,60.0,1.72,1.89,1.72,1.89,19.0,2.0,2.25,2.0,2.25,17.0,2.61,2.67,2.61,2.62,12.0
2019-06-14,2019-06-14,27.32,28.06,27.28,27.8,13682989.0,0.01,0.02,0.01,0.02,94.0,0.04,0.04,0.04,0.04,5.0,0.05,0.05,0.05,0.05,48.0,0.1,0.1,0.08,0.09,34.0,0.15,0.15,0.12,0.12,18.0,0.25,0.59,0.21,0.21,159.0,0.4,0.4,0.32,0.32,138.0,0.63,1.08,0.48,0.48,68.0,0.88,0.88,0.69,0.72,1659.0,1.2,1.2,1.04,1.04,214.0,1.5,1.5,1.2,1.3,112.0,1.87,1.87,1.57,1.57,81.0,2.22,2.25,1.88,1.92,1051.0,2.54,2.54,2.54,2.54,7.0
2019-06-17,2019-06-17,27.03,27.36,26.8815,27.29,14470210.0,0.01,0.01,0.01,0.01,105.0,0.02,0.02,0.02,0.02,102.0,0.06,0.06,0.04,0.04,126.0,0.1,0.1,0.07,0.07,292.0,0.17,0.17,0.13,0.14,635.0,0.3,0.3,0.25,0.25,1121.0,0.48,0.48,0.38,0.42,633.0,0.71,0.71,0.6,0.66,111.0,1.0,1.0,0.83,0.88,7244.0,1.27,1.33,1.13,1.2,281.0,1.62,1.7,1.53,1.68,317.0,2.01,2.11,1.85,1.85,439.0,2.39,2.5,2.24,2.24,724.0,2.84,2.94,2.65,2.65,851.0
2019-06-18,2019-06-18,26.82,26.98,26.35,26.54,24889651.0,0.04,0.04,0.01,0.01,45.0,0.05,0.06,0.03,0.03,9.0,0.1,0.12,0.05,0.05,260.0,0.16,0.2,0.08,0.13,20703.0,0.28,0.36,0.19,0.19,568.0,0.46,0.54,0.37,0.44,1650.0,0.65,0.76,0.59,0.65,345.0,0.9,1.04,0.6,0.6,674.0,1.18,1.38,1.04,1.04,521.0,1.52,1.73,1.25,1.25,614.0,1.88,2.11,1.79,1.93,1193.0,2.22,2.5,2.15,2.5,399.0,2.67,2.92,2.59,2.59,342.0,3.15,3.4,3.15,3.35,14.0
2019-06-19,2019-06-19,25.93,26.93,25.88,26.65,29671248.0,0.05,0.05,0.02,0.03,156.0,0.07,0.07,0.06,0.06,36.0,0.13,0.13,0.1,0.11,193.0,0.26,0.26,0.16,0.21,845.0,0.45,0.45,0.28,0.28,1949.0,0.7,0.7,0.44,0.44,1327.0,1.0,1.0,0.64,0.67,1115.0,1.26,1.27,0.76,0.76,780.0,1.63,1.63,1.13,1.13,421.0,2.0,2.01,1.52,1.59,378.0,2.45,2.45,1.89,1.96,393.0,2.77,2.79,2.28,2.28,349.0,3.3,3.3,2.69,2.78,141.0,3.69,3.69,3.25,3.25,127.0
2019-06-20,2019-06-20,26.01,26.82,25.26,25.46,34444193.0,0.04,1.26,0.04,1.26,126.0,0.09,0.11,0.06,0.09,515.0,0.1,1.38,0.1,1.38,2018.0,0.2,0.44,0.18,0.44,14652.0,0.35,0.72,0.31,0.72,2522.0,0.57,0.91,0.49,0.83,936.0,0.83,1.25,0.7,1.13,1506.0,1.24,1.66,0.95,1.54,673.0,1.56,2.05,1.25,1.88,972.0,2.13,2.45,1.68,2.33,388.0,2.37,2.8,1.94,2.8,925.0,2.88,3.23,2.44,3.23,236.0,3.3,3.36,2.86,3.2,1597.0,3.83,4.35,3.3,4.19,46.0
2019-06-21,2019-06-21,26.62,26.81,25.885,26.2,19740690.0,0.01,0.02,0.01,0.02,49.0,0.02,0.03,0.02,0.03,23.0,0.03,0.08,0.03,0.07,1521.0,0.06,0.17,0.04,0.15,1018.0,0.16,0.34,0.11,0.31,2966.0,0.3,0.56,0.23,0.49,2170.0,0.46,0.83,0.42,0.77,5173.0,0.81,1.15,0.67,1.02,1049.0,1.01,1.54,1.0,1.42,1012.0,1.44,1.95,1.4,1.84,552.0,1.86,2.34,1.74,2.15,519.0,2.26,2.76,2.26,2.58,117.0,2.61,3.19,2.61,2.97,1099.0,3.1,3.56,3.1,3.56,19.0
2019-06-24,2019-06-24,26.38,26.52,26.14,26.45,12634966.0,,,,,,0.01,0.01,0.01,0.01,5.0,0.02,0.02,0.01,0.02,260.0,0.04,0.08,0.03,0.08,30299.0,0.12,0.24,0.08,0.24,4799.0,0.21,0.31,0.2,0.29,7522.0,0.41,0.57,0.38,0.55,2317.0,0.72,0.86,0.67,0.8,914.0,1.01,1.23,1.0,1.14,440.0,1.4,1.56,1.38,1.56,569.0,1.84,1.99,1.8,1.94,349.0,2.3,2.52,2.27,2.4,72.0,2.87,2.89,2.69,2.72,81.0,,,,,
2019-06-25,2019-06-25,27.05,27.181,26.37,26.4,17296855.0,0.01,0.01,0.01,0.01,42.0,0.01,0.01,0.01,0.01,4.0,0.01,0.01,0.01,0.01,25.0,0.02,0.06,0.01,0.06,606.0,0.03,0.09,0.02,0.05,2566.0,0.06,0.18,0.06,0.06,2546.0,0.18,0.39,0.12,0.39,12618.0,0.32,0.67,0.27,0.67,3504.0,0.57,0.96,0.51,0.94,1998.0,0.89,1.3,0.82,1.27,395.0,1.15,1.78,1.15,1.78,261.0,1.69,2.12,1.58,2.12,232.0,2.04,2.69,2.02,2.69,96.0,2.61,3.05,2.5,3.05,94.0
2019-06-26,2019-06-26,26.84,27.05,26.39,26.52,13586640.0,,,,,,,,,,,0.01,0.01,0.01,0.01,2.0,0.02,0.02,0.01,0.02,62.0,0.03,0.06,0.02,0.05,859.0,0.05,0.13,0.04,0.1,1957.0,0.14,0.29,0.11,0.22,4676.0,0.32,0.53,0.24,0.49,3224.0,0.59,0.89,0.51,0.81,711.0,0.92,1.21,0.91,1.15,189.0,1.45,1.63,1.21,1.63,333.0,1.83,2.12,1.65,2.12,225.0,2.18,2.52,2.18,2.52,100.0,2.84,2.87,2.58,2.81,561.0
2019-06-27,2019-06-27,26.42,26.795,26.2,26.65,14890831.0,,,,,,,,,,,0.01,0.01,0.01,0.01,36.0,0.01,0.01,0.01,0.01,24.0,0.01,0.03,0.01,0.03,1588.0,0.05,0.06,0.02,0.04,1429.0,0.18,0.22,0.08,0.14,5499.0,0.44,0.51,0.24,0.36,3388.0,0.85,0.9,0.54,0.66,1209.0,1.2,1.32,0.9,1.05,423.0,1.66,1.84,1.34,1.54,347.0,2.14,2.14,1.91,1.91,31.0,2.54,2.58,2.39,2.5,125.0,3.1,3.23,2.87,2.99,50.0
2019-06-28,2019-06-28,26.0,26.3,25.87,26.13,17624656.0,,,,,,0.01,0.01,0.01,0.01,5.0,0.01,0.01,0.01,0.01,98.0,0.01,0.01,0.01,0.01,475.0,0.01,0.02,0.01,0.01,928.0,0.04,0.04,0.01,0.02,1257.0,0.41,0.45,0.02,0.15,11621.0,0.89,0.89,0.35,0.47,1917.0,1.4,1.4,0.74,0.93,1015.0,1.55,1.55,1.25,1.38,361.0,2.11,2.12,1.72,1.85,614.0,2.79,2.79,2.31,2.31,209.0,3.42,3.42,2.69,2.86,3731.0,3.65,3.65,3.26,3.39,202.0
2019-07-01,2019-07-01,24.56,25.08,24.46,24.55,30302465.0,,,,,,,,,,,,,,,,,,,,,,,,,,,,,,,,,,,,,,,,,,,,,,,,,,,,,,,,,,,,,,,,,,,,,,
2019-07-02,2019-07-02,23.65,24.6,23.61,24.6,26022509.0,,,,,,,,,,,,,,,,,,,,,,,,,,,,,,,,,,,,,,,,,,,,,,,,,,,,,,,,,,,,,,,,,,,,,,
2019-07-03,2019-07-03,23.51,23.88,23.42,23.67,15809303.0,,,,,,,,,,,,,,,,,,,,,,,,,,,,,,,,,,,,,,,,,,,,,,,,,,,,,,,,,,,,,,,,,,,,,,
2019-07-05,2019-07-05,23.58,24.71,23.5,24.01,24124885.0,,,,,,,,,,,,,,,,,,,,,,,,,,,,,,,,,,,,,,,,,,,,,,,,,,,,,,,,,,,,,,,,,,,,,,
2019-07-08,2019-07-08,24.23,24.47,23.9,24.12,18014371.0,,,,,,,,,,,,,,,,,,,,,,,,,,,,,,,,,,,,,,,,,,,,,,,,,,,,,,,,,,,,,,,,,,,,,,
2019-07-09,2019-07-09,24.3,24.96,24.22,24.96,15024150.0,,,,,,,,,,,,,,,,,,,,,,,,,,,,,,,,,,,,,,,,,,,,,,,,,,,,,,,,,,,,,,,,,,,,,,
2019-07-10,2019-07-10,23.56,23.9869,23.495,23.98,19868046.0,,,,,,,,,,,,,,,,,,,,,,,,,,,,,,,,,,,,,,,,,,,,,,,,,,,,,,,,,,,,,,,,,,,,,,
2019-07-11,2019-07-11,23.17,23.6,23.025,23.23,21061186.0,,,,,,,,,,,,,,,,,,,,,,,,,,,,,,,,,,,,,,,,,,,,,,,,,,,,,,,,,,,,,,,,,,,,,,
2019-07-12,2019-07-12,22.8,23.19,22.75,23.01,18425836.0,,,,,,,,,,,,,,,,,,,,,,,,,,,,,,,,,,,,,,,,,,,,,,,,,,,,,,,,,,,,,,,,,,,,,,
2019-07-15,2019-07-15,22.71,22.93,22.58,22.69,15945412.0,,,,,,,,,,,,,,,,,,,,,,,,,,,,,,,,,,,,,,,,,,,,,,,,,,,,,,,,,,,,,,,,,,,,,,
2019-07-16,2019-07-16,22.78,22.9,22.29,22.6,25415471.0,,,,,,,,,,,,,,,,,,,,,,,,,,,,,,,,,,,,,,,,,,,,,,,,,,,,,,,,,,,,,,,,,,,,,,
2019-07-17,2019-07-17,23.36,23.36,22.44,22.58,29056917.0,,,,,,,,,,,,,,,,,,,,,,,,,,,,,,,,,,,,,,,,,,,,,,,,,,,,,,,,,,,,,,,,,,,,,,
2019-07-18,2019-07-18,23.115,23.715,22.71,23.34,27076320.0,,,,,,,,,,,,,,,,,,,,,,,,,,,,,,,,,,,,,,,,,,,,,,,,,,,,,,,,,,,,,,,,,,,,,,
2019-07-19,2019-07-19,23.38,23.43,22.59,22.67,26220800.0,,,,,,,,,,,,,,,,,,,,,,,,,,,,,,,,,,,,,,,,,,,,,,,,,,,,,,,,,,,,,,,,,,,,,,
2019-07-22,2019-07-22,22.91,23.48,22.74,23.35,21908515.0,,,,,,,,,,,,,,,,,,,,,,,,,,,,,,,,,,,,,,,,,,,,,,,,,,,,,,,,,,,,,,,,,,,,,,
2019-07-23,2019-07-23,22.1,22.88,22.08,22.51,18943361.0,,,,,,,,,,,,,,,,,,,,,,,,,,,,,,,,,,,,,,,,,,,,,,,,,,,,,,,,,,,,,,,,,,,,,,
2019-07-24,2019-07-24,21.54,22.37,21.41,22.34,18825276.0,,,,,,,,,,,,,,,,,,,,,,,,,,,,,,,,,,,,,,,,,,,,,,,,,,,,,,,,,,,,,,,,,,,,,,
2019-07-25,2019-07-25,22.2,22.6,21.66,21.66,29862313.0,,,,,,,,,,,,,,,,,,,,,,,,,,,,,,,,,,,,,,,,,,,,,,,,,,,,,,,,,,,,,,,,,,,,,,
2019-07-26,2019-07-26,21.64,21.83,21.46,21.79,18901474.0,,,,,,,,,,,,,,,,,,,,,,,,,,,,,,,,,,,,,,,,,,,,,,,,,,,,,,,,,,,,,,,,,,,,,,
2019-07-29,2019-07-29,21.83,22.0,21.59,21.69,16615858.0,,,,,,,,,,,,,,,,,,,,,,,,,,,,,,,,,,,,,,,,,,,,,,,,,,,,,,,,,,,,,,,,,,,,,,
2019-07-30,2019-07-30,22.34,22.47,21.94,22.26,23460651.0,,,,,,,,,,,,,,,,,,,,,,,,,,,,,,,,,,,,,,,,,,,,,,,,,,,,,,,,,,,,,,,,,,,,,,
2019-07-31,2019-07-31,23.59,24.34,21.93,22.31,53038065.0,,,,,,,,,,,,,,,,,,,,,,,,,,,,,,,,,,,,,,,,,,,,,,,,,,,,,,,,,,,,,,,,,,,,,,
2019-08-01,2019-08-01,25.45,26.14,22.555,23.64,109087195.0,,,,,,,,,,,,,,,,,,,,,,,,,,,,,,,,,,,,,,,,,,,,,,,,,,,,,,,,,,,,,,,,,,,,,,
2019-08-02,2019-08-02,25.66,26.69,25.27,25.5,71310504.0,,,,,,,,,,,,,,,,,,,,,,,,,,,,,,,,,,,,,,,,,,,,,,,,,,,,,,,,,,,,,,,,,,,,,,
2019-08-05,2019-08-05,29.3,29.625,27.28,27.47,86663392.0,,,,,,,,,,,,,,,,,,,,,,,,,,,,,,,,,,,,,,,,,,,,,,,,,,,,,,,,,,,,,,,,,,,,,,
2019-08-06,2019-08-06,27.48,29.67,27.48,28.22,59849382.0,,,,,,,,,,,,,,,,,,,,,,,,,,,,,,,,,,,,,,,,,,,,,,,,,,,,,,,,,,,,,,,,,,,,,,
2019-08-07,2019-08-07,27.62,30.09,27.48,29.44,54533993.0,,,,,,,,,,,,,,,,,,,,,,,,,,,,,,,,,,,,,,,,,,,,,,,,,,,,,,,,,,,,,,,,,,,,,,
2019-08-08,2019-08-08,25.98,27.41,25.87,27.06,34369131.0,,,,,,,,,,,,,,,,,,,,,,,,,,,,,,,,,,,,,,,,,,,,,,,,,,,,,,,,,,,,,,,,,,,,,,
2019-08-09,2019-08-09,26.93,27.465,26.18,26.43,38298114.0,,,,,,,,,,,,,,,,,,,,,,,,,,,,,,,,,,,,,,,,,,,,,,,,,,,,,,,,,,,,,,,,,,,,,,
2019-08-12,2019-08-12,28.89,28.99,27.25,27.35,28752436.0,,,,,,,,,,,,,,,,,,,,,,,,,,,,,,,,,,,,,,,,,,,,,,,,,,,,,,,,,,,,,,,,,,,,,,
2019-08-13,2019-08-13,26.76,29.4,26.71,29.35,41956617.0,,,,,,,,,,,,,,,,,,,,,,,,,,,,,,,,,,,,,,,,,,,,,,,,,,,,,,,,,,,,,,,,,,,,,,
2019-08-14,2019-08-14,30.465,30.5,28.07,28.59,67110934.0,,,,,,,,,,,,,,,,,,,,,,,,,,,,,,,,,,,,,,,,,,,,,,,,,,,,,,,,,,,,,,,,,,,,,,
2019-08-15,2019-08-15,29.67,31.0,29.3715,29.72,39376746.0,,,,,,,,,,,,,,,,,,,,,,,,,,,,,,,,,,,,,,,,,,,,,,,,,,,,,,,,,,,,,,,,,,,,,,
2019-08-16,2019-08-16,28.03,29.14,27.96,29.09,27556919.0,,,,,,,,,,,,,,,,,,,,,,,,,,,,,,,,,,,,,,,,,,,,,,,,,,,,,,,,,,,,,,,,,,,,,,
2019-08-19,2019-08-19,25.98,26.9965,25.88,26.85,28490840.0,,,,,,,,,,,,,,,,,,,,,,,,,,,,,,,,,,,,,,,,,,,,,,,,,,,,,,,,,,,,,,,,,,,,,,
2019-08-20,2019-08-20,26.6,26.79,26.01,26.26,27521918.0,,,,,,,,,,,,,,,,,,,,,,,,,,,,,,,,,,,,,,,,,,,,,,,,,,,,,,,,,,,,,,,,,,,,,,
2019-08-21,2019-08-21,25.3,25.73,25.25,25.53,28577472.0,,,,,,,,,,,,,,,,,,,,,,,,,,,,,,,,,,,,,,,,,,,,,,,,,,,,,,,,,,,,,,,,,,,,,,
2019-08-22,2019-08-22,25.75,26.4599,25.075,25.09,31157200.0,,,,,,,,,,,,,,,,,,,,,,,,,,,,,,,,,,,,,,,,,,,,,,,,,,,,,,,,,,,,,,,,,,,,,,
2019-08-23,2019-08-23,28.96,29.46,25.46,26.63,78293234.0,,,,,,,,,,,,,,,,,,,,,,,,,,,,,,,,,,,,,,,,,,,,,,,,,,,,,,,,,,,,,,,,,,,,,,
2019-08-26,2019-08-26,28.1,28.97,27.44,27.53,32372753.0,,,,,,,,,,,,,,,,,,,,,,,,,,,,,,,,,,,,,,,,,,,,,,,,,,,,,,,,,,,,,,,,,,,,,,
2019-08-27,2019-08-27,28.67,29.39,27.54,27.63,26681523.0,,,,,,,,,,,,,,,,,,,,,,,,,,,,,,,,,,,,,,,,,,,,,,,,,,,,,,,,,,,,,,,,,,,,,,
2019-08-28,2019-08-28,28.02,29.75,28.0,29.33,28005357.0,,,,,,,,,,,,,,,,,,,,,,,,,,,,,,,,,,,,,,,,,,,,,,,,,,,,,,,,,,,,,,,,,,,,,,
2019-08-29,2019-08-29,26.85,27.44,26.58,27.18,28752821.0,,,,,,,,,,,,,,,,,,,,,,,,,,,,,,,,,,,,,,,,,,,,,,,,,,,,,,,,,,,,,,,,,,,,,,
2019-08-30,2019-08-30,27.0,27.64,26.3,26.3,28129769.0,,,,,,,,,,,,,,,,,,,,,,,,,,,,,,,,,,,,,,,,,,,,,,,,,,,,,,,,,,,,,,,,,,,,,,
2019-09-03,2019-09-03,28.19,28.45,27.52,28.0,36077100.0,,,,,,,,,,,,,,,,,,,,,,,,,,,,,,,,,,,,,,,,,,,,,,,,,,,,,,,,,,,,,,,,,,,,,,
2019-09-04,2019-09-04,26.45,27.59,26.43,27.09,36600867.0,,,,,,,,,,,,,,,,,,,,,,,,,,,,,,,,,,,,,,,,,,,,,,,,,,,,,,,,,,,,,,,,,,,,,,
2019-09-05,2019-09-05,25.47,25.85,25.15,25.79,41559964.0,,,,,,,,,,,,,,,,,,,,,,,,,,,,,,,,,,,,,,,,,,,,,,,,,,,,,,,,,,,,,,,,,,,,,,
2019-09-06,2019-09-06,24.72,25.315,24.6,25.14,30572398.0,,,,,,,,,,,,,,,,,,,,,,,,,,,,,,,,,,,,,,,,,,,,,,,,,,,,,,,,,,,,,,,,,,,,,,
2019-09-09,2019-09-09,24.48,25.14,24.22,24.27,31222789.0,,,,,,,,,,,,,,,,,,,,,,,,,,,,,,,,,,,,,,,,,,,,,,,,,,,,,,,,,,,,,,,,,,,,,,
2019-09-10,2019-09-10,24.4,25.18,24.34,24.82,29914315.0,,,,,,,,,,,,,,,,,,,,,,,,,,,,,,,,,,,,,,,,,,,,,,,,,,,,,,,,,,,,,,,,,,,,,,
2019-09-11,2019-09-11,24.02,24.46,23.86,24.37,33546901.0,,,,,,,,,,,,,,,,,,,,,,,,,,,,,,,,,,,,,,,,,,,,,,,,,,,,,,,,,,,,,,,,,,,,,,
2019-09-12,2019-09-12,23.45,23.9,23.17,23.57,42894510.0,,,,,,,,,,,,,,,,,,,,,,,,,,,,,,,,,,,,,,,,,,,,,,,,,,,,,,,,,,,,,,,,,,,,,,
2019-09-13,2019-09-13,23.08,23.33,22.82,23.16,32599380.0,,,,,,,,,,,,,,,,,,,,,,,,,,,,,,,,,,,,,,,,,,,,,,,,,,,,,,,,,,,,,,,,,,,,,,
2019-09-16,2019-09-16,23.42,23.67,23.01,23.6,27943659.0,,,,,,,,,,,,,,,,,,,,,,,,,,,,,,,,,,,,,,,,,,,,,,,,,,,,,,,,,,,,,,,,,,,,,,
2019-09-17,2019-09-17,23.31,23.73,23.29,23.49,25161317.0,,,,,,,,,,,,,,,,,,,,,,,,,,,,,,,,,,,,,,,,,,,,,,,,,,,,,,,,,,,,,,,,,,,,,,
2019-09-18,2019-09-18,22.56,23.6915,22.5,23.1,54380388.0,,,,,,,,,,,,,,,,,,,,,,,,,,,,,,,,,,,,,,,,,,,,,,,,,,,,,,,,,,,,,,,,,,,,,,
2019-09-19,2019-09-19,22.15,22.315,21.8,22.25,33074777.0,,,,,,,,,,,,,,,,,,,,,,,,,,,,,,,,,,,,,,,,,,,,,,,,,,,,,,,,,,,,,,,,,,,,,,
2019-09-20,2019-09-20,23.29,23.48,21.83,21.92,38357372.0,,,,,,,,,,,,,,,,,,,,,,,,,,,,,,,,,,,,,,,,,,,,,,,,,,,,,,,,,,,,,,,,,,,,,,
2019-09-23,2019-09-23,23.09,23.44,22.7,23.38,23116668.0,,,,,,,,,,,,,,,,,,,,,,,,,,,,,,,,,,,,,,,,,,,,,,,,,,,,,,,,,,,,,,,,,,,,,,
2019-09-24,2019-09-24,24.16,24.34,22.45,22.52,63880942.0,,,,,,,,,,,,,,,,,,,,,,,,,,,,,,,,,,,,,,,,,,,,,,,,,,,,,,,,,,,,,,,,,,,,,,
2019-09-25,2019-09-25,23.61,24.97,23.4,24.1,43369035.0,,,,,,,,,,,,,,,,,,,,,,,,,,,,,,,,,,,,,,,,,,,,,,,,,,,,,,,,,,,,,,,,,,,,,,
2019-09-26,2019-09-26,23.81,24.26,23.53,23.55,31422590.0,,,,,,,,,,,,,,,,,,,,,,,,,,,,,,,,,,,,,,,,,,,,,,,,,,,,,,,,,,,,,,,,,,,,,,
2019-09-27,2019-09-27,24.46,25.115,23.38,23.51,54237460.0,,,,,,,,,,,,,,,,,,,,,,,,,,,,,,,,,,,,,,,,,,,,,,,,,,,,,,,,,,,,,,,,,,,,,,
2019-09-30,2019-09-30,23.74,24.21,23.48,24.18,24118716.0,,,,,,,,,,,,,,,,,,,,,,,,,,,,,,,,,,,,,,,,,,,,,,,,,,,,,,,,,,,,,,,,,,,,,,
2019-10-01,2019-10-01,24.79,24.8,23.05,23.13,48062831.0,,,,,,,,,,,,,,,,,,,,,,,,,,,,,,,,,,,,,,,,,,,,,,,,,,,,,,,,,,,,,,,,,,,,,,
2019-10-02,2019-10-02,26.45,26.76,25.47,25.48,84176579.0,,,,,,,,,,,,,,,,,,,,,,,,,,,,,,,,,,,,,,,,,,,,,,,,,,,,,,,,,,,,,,,,,,,,,,
2019-10-03,2019-10-03,25.44,27.1,25.43,26.36,51516387.0,,,,,,,,,,,,,,,,,,,,,,,,,,,,,,,,,,,,,,,,,,,,,,,,,,,,,,,,,,,,,,,,,,,,,,
2019-10-04,2019-10-04,24.09,25.27,24.05,25.25,29824933.0,,,,,,,,,,,,,,,,,,,,,,,,,,,,,,,,,,,,,,,,,,,,,,,,,,,,,,,,,,,,,,,,,,,,,,
2019-10-07,2019-10-07,24.27,24.68,23.76,24.42,29089980.0,,,,,,,,,,,,,,,,,,,,,,,,,,,,,,,,,,,,,,,,,,,,,,,,,,,,,,,,,,,,,,,,,,,,,,
2019-10-08,2019-10-08,26.24,26.27,24.93,25.2,49469482.0,,,,,,,,,,,,,,,,,,,,,,,,,,,,,,,,,,,,,,,,,,,,,,,,,,,,,,,,,,,,,,,,,,,,,,
2019-10-09,2019-10-09,25.36,25.83,24.76,25.45,30012701.0,,,,,,,,,,,,,,,,,,,,,,,,,,,,,,,,,,,,,,,,,,,,,,,,,,,,,,,,,,,,,,,,,,,,,,
2019-10-10,2019-10-10,24.43,25.4,24.355,25.32,34818530.0,,,,,,,,,,,,,,,,,,,,,,,,,,,,,,,,,,,,,,,,,,,,,,,,,,,,,,,,,,,,,,,,,,,,,,
2019-10-11,2019-10-11,23.02,23.82,22.62,23.7,74386222.0,,,,,,,,,,,,,,,,,,,,,,,,,,,,,,,,,,,,,,,,,,,,,,,,,,,,,,,,,,,,,,,,,,,,,,
2019-10-14,2019-10-14,22.27,23.11,22.24,23.09,30104234.0,,,,,,,,,,,,,,,,,,,,,,,,,,,,,,,,,,,,,,,,,,,,,,,,,,,,,,,,,,,,,,,,,,,,,,
2019-10-15,2019-10-15,21.69,21.9,21.36,21.84,46193742.0,,,,,,,,,,,,,,,,,,,,,,,,,,,,,,,,,,,,,,,,,,,,,,,,,,,,,,,,,,,,,,,,,,,,,,
2019-10-16,2019-10-16,21.42,21.88,21.37,21.66,28359123.0,,,,,,,,,,,,,,,,,,,,,,,,,,,,,,,,,,,,,,,,,,,,,,,,,,,,,,,,,,,,,,,,,,,,,,
2019-10-17,2019-10-17,21.29,21.43,20.965,21.21,26156003.0,,,,,,,,,,,,,,,,,,,,,,,,,,,,,,,,,,,,,,,,,,,,,,,,,,,,,,,,,,,,,,,,,,,,,,
2019-10-18,2019-10-18,21.24,21.76,21.03,21.38,32607762.0,,,,,,,,,,,,,,,,,,,,,,,,,,,,,,,,,,,,,,,,,,,,,,,,,,,,,,,,,,,,,,,,,,,,,,
