date,Underlying_date,Underlying_close,Underlying_high,Underlying_low,Underlying_open,Underlying_volume,20.0_close,20.0_high,20.0_low,20.0_open,20.0_volume,21.0_close,21.0_high,21.0_low,21.0_open,21.0_volume,22.0_close,22.0_high,22.0_low,22.0_open,22.0_volume,23.0_close,23.0_high,23.0_low,23.0_open,23.0_volume,23.5_close,23.5_high,23.5_low,23.5_open,23.5_volume,24.0_close,24.0_high,24.0_low,24.0_open,24.0_volume,24.5_close,24.5_high,24.5_low,24.5_open,24.5_volume,25.0_close,25.0_high,25.0_low,25.0_open,25.0_volume,25.5_close,25.5_high,25.5_low,25.5_open,25.5_volume,26.0_close,26.0_high,26.0_low,26.0_open,26.0_volume,26.5_close,26.5_high,26.5_low,26.5_open,26.5_volume,27.0_close,27.0_high,27.0_low,27.0_open,27.0_volume,27.5_close,27.5_high,27.5_low,27.5_open,27.5_volume,28.0_close,28.0_high,28.0_low,28.0_open,28.0_volume,28.5_close,28.5_high,28.5_low,28.5_open,28.5_volume,29.0_close,29.0_high,29.0_low,29.0_open,29.0_volume,29.5_close,29.5_high,29.5_low,29.5_open,29.5_volume
2019-05-06,2019-05-06,26.86,28.22,26.66,27.96,43610349.0,,,,,,,,,,,5.95,5.95,5.55,5.61,8.0,4.6,4.9,4.4,4.56,30.0,,,,,,2.86,4.2,2.82,4.2,104.0,2.75,3.5,2.31,3.5,479.0,1.98,3.25,1.91,3.05,1094.0,1.68,2.77,1.5,2.57,1201.0,1.45,2.37,1.24,1.99,1925.0,1.21,2.01,0.95,2.01,809.0,0.88,1.75,0.74,1.75,2027.0,0.65,1.71,0.33,0.33,2147.0,0.5,1.23,0.47,1.02,4822.0,0.42,1.04,0.37,0.94,1824.0,0.35,0.89,0.31,0.89,5308.0,0.29,0.77,0.26,0.55,2669.0
2019-05-07,2019-05-07,31.33,32.07,28.14,28.41,85493717.0,,,,,,8.0,8.0,8.0,8.0,4.0,6.9,6.9,6.9,6.9,1.0,8.4,8.4,5.4,5.4,45.0,7.75,7.75,7.75,7.75,1.0,6.3,7.8,4.35,4.35,35.0,6.25,7.35,3.9,3.9,120.0,6.15,6.67,3.3,3.3,888.0,5.7,6.45,2.79,2.8,993.0,5.45,5.68,2.32,2.4,858.0,5.12,5.12,1.96,2.02,301.0,3.7,4.8,1.57,1.75,1055.0,2.9,4.3,1.3,1.3,622.0,2.95,3.84,1.03,1.21,2364.0,3.25,3.25,0.85,0.99,1450.0,2.5,3.3,0.69,0.78,4454.0,1.79,2.95,0.56,0.56,2909.0
2019-05-08,2019-05-08,30.71,31.54,29.61,30.99,44684771.0,10.25,10.25,10.25,10.25,1.0,,,,,,7.75,7.75,7.75,7.75,18.0,7.5,7.9,7.0,7.9,96.0,6.82,6.84,6.82,6.82,4.0,6.18,6.95,5.8,6.95,47.0,5.78,5.78,5.73,5.73,23.0,5.72,6.17,4.7,6.14,282.0,5.2,5.85,4.3,5.4,517.0,4.35,5.15,3.9,5.09,133.0,3.75,4.35,3.42,4.35,280.0,3.7,3.8,2.79,3.8,60.0,3.25,3.8,2.4,3.8,364.0,2.76,3.63,2.02,3.63,2812.0,2.44,3.0,1.64,2.57,411.0,1.84,2.78,1.33,2.5,1232.0,1.67,2.29,1.13,1.94,556.0
2019-05-09,2019-05-09,30.55,33.29,30.46,32.4,60451039.0,,,,,,,,,,,,,,,,10.1,10.1,9.35,9.39,15.0,,,,,,6.98,8.25,6.75,8.25,147.0,6.5,6.52,6.48,6.48,10.0,5.74,8.1,5.69,7.42,165.0,4.84,7.63,4.84,6.99,217.0,4.34,7.17,4.34,6.41,314.0,4.23,6.8,4.23,5.89,153.0,3.66,6.21,3.66,5.41,373.0,3.3,5.6,3.23,4.8,137.0,2.57,5.05,2.57,4.4,772.0,2.31,4.5,2.3,3.85,538.0,1.67,4.3,1.67,3.45,611.0,1.33,3.9,1.33,3.0,643.0
2019-05-10,2019-05-10,28.19,31.6399,28.19,30.88,60955834.0,,,,,,,,,,,,,,,,5.63,6.65,5.63,6.65,27.0,,,,,,,,,,,3.75,5.5,3.75,5.5,13.0,3.85,6.27,3.34,5.59,249.0,3.48,5.93,3.48,5.05,82.0,2.27,5.25,2.27,4.5,328.0,2.04,4.85,1.77,3.5,202.0,1.2,4.47,1.12,3.85,1064.0,1.28,3.95,0.82,2.76,1437.0,0.18,3.46,0.1,2.54,3577.0,0.01,2.92,0.01,2.02,2892.0,0.01,2.4,0.01,1.7,7051.0,0.01,2.0,0.01,1.0,3608.0
2019-05-13,2019-05-13,32.45,32.59,30.82,31.67,60055151.0,,,,,,,,,,,,,,,,,,,,,,,,,,,,,,,,,,,,,,,,,,,,,,,,,,,,,,,,,,,,,,,,,,,,,,,,,,,,,,,,,,,,,
2019-05-14,2019-05-14,30.65,31.44,30.23,31.24,36854411.0,,,,,,,,,,,,,,,,,,,,,,,,,,,,,,,,,,,,,,,,,,,,,,,,,,,,,,,,,,,,,,,,,,,,,,,,,,,,,,,,,,,,,
2019-05-15,2019-05-15,29.36,31.7179,29.27,31.5,32088264.0,,,,,,,,,,,,,,,,,,,,,,,,,,,,,,,,,,,,,,,,,,,,,,,,,,,,,,,,,,,,,,,,,,,,,,,,,,,,,,,,,,,,,
2019-05-16,2019-05-16,28.1,29.1499,27.91,29.13,31128917.0,,,,,,,,,,,,,,,,,,,,,,,,,,,,,,,,,,,,,,,,,,,,,,,,,,,,,,,,,,,,,,,,,,,,,,,,,,,,,,,,,,,,,
2019-05-17,2019-05-17,28.52,29.26,27.73,29.24,43742319.0,,,,,,,,,,,,,,,,,,,,,,,,,,,,,,,,,,,,,,,,,,,,,,,,,,,,,,,,,,,,,,,,,,,,,,,,,,,,,,,,,,,,,
2019-05-20,2019-05-20,28.94,29.8,28.4,29.31,32737337.0,,,,,,,,,,,,,,,,,,,,,,,,,,,,,,,,,,,,,,,,,,,,,,,,,,,,,,,,,,,,,,,,,,,,,,,,,,,,,,,,,,,,,
2019-05-21,2019-05-21,27.48,28.02,27.39,28.0,23455232.0,,,,,,,,,,,,,,,,,,,,,,,,,,,,,,,,,,,,,,,,,,,,,,,,,,,,,,,,,,,,,,,,,,,,,,,,,,,,,,,,,,,,,
2019-05-22,2019-05-22,27.22,27.69,26.93,27.6,28075437.0,,,,,,,,,,,,,,,,,,,,,,,,,,,,,,,,,,,,,,,,,,,,,,,,,,,,,,,,,,,,,,,,,,,,,,,,,,,,,,,,,,,,,
2019-05-23,2019-05-23,29.02,29.5,28.25,28.25,42745667.0,,,,,,,,,,,,,,,,,,,,,,,,,,,,,,,,,,,,,,,,,,,,,,,,,,,,,,,,,,,,,,,,,,,,,,,,,,,,,,,,,,,,,
2019-05-24,2019-05-24,28.42,28.8,27.88,28.17,24589353.0,,,,,,,,,,,,,,,,,,,,,,,,,,,,,,,,,,,,,,,,,,,,,,,,,,,,,,,,,,,,,,,,,,,,,,,,,,,,,,,,,,,,,
2019-05-28,2019-05-28,29.27,29.27,27.76,28.22,22138340.0,,,,,,,,,,,,,,,,,,,,,,,,,,,,,,,,,,,,,,,,,,,,,,,,,,,,,,,,,,,,,,,,,,,,,,,,,,,,,,,,,,,,,
2019-05-29,2019-05-29,29.84,30.3701,29.32,29.89,33021038.0,,,,,,,,,,,,,,,,,,,,,,,,,,,,,,,,,,,,,,,,,,,,,,,,,,,,,,,,,,,,,,,,,,,,,,,,,,,,,,,,,,,,,
2019-05-30,2019-05-30,29.31,29.88,28.845,29.11,20277162.0,,,,,,,,,,,,,,,,,,,,,,,,,,,,,,,,,,,,,,,,,,,,,,,,,,,,,,,,,,,,,,,,,,,,,,,,,,,,,,,,,,,,,
2019-05-31,2019-05-31,30.42,30.89,29.905,30.73,28925166.0,,,,,,,,,,,,,,,,,,,,,,,,,,,,,,,,,,,,,,,,,,,,,,,,,,,,,,,,,,,,,,,,,,,,,,,,,,,,,,,,,,,,,
2019-06-03,2019-06-03,30.73,31.41,29.8199,30.4,29037266.0,,,,,,,,,,,,,,,,,,,,,,,,,,,,,,,,,,,,,,,,,,,,,,,,,,,,,,,,,,,,,,,,,,,,,,,,,,,,,,,,,,,,,
2019-06-04,2019-06-04,29.02,30.24,29.0,29.81,24171477.0,,,,,,,,,,,,,,,,,,,,,,,,,,,,,,,,,,,,,,,,,,,,,,,,,,,,,,,,,,,,,,,,,,,,,,,,,,,,,,,,,,,,,
2019-06-05,2019-06-05,28.46,29.33,28.31,28.65,23479972.0,,,,,,,,,,,,,,,,,,,,,,,,,,,,,,,,,,,,,,,,,,,,,,,,,,,,,,,,,,,,,,,,,,,,,,,,,,,,,,,,,,,,,
2019-06-06,2019-06-06,27.85,28.55,27.77,28.24,18497198.0,,,,,,,,,,,,,,,,,,,,,,,,,,,,,,,,,,,,,,,,,,,,,,,,,,,,,,,,,,,,,,,,,,,,,,,,,,,,,,,,,,,,,
2019-06-07,2019-06-07,28.06,28.1615,27.6,27.77,23326873.0,,,,,,,,,,,,,,,,,,,,,,,,,,,,,,,,,,,,,,,,,,,,,,,,,,,,,,,,,,,,,,,,,,,,,,,,,,,,,,,,,,,,,
2019-06-10,2019-06-10,27.86,28.24,27.61,27.71,14480560.0,,,,,,,,,,,,,,,,,,,,,,,,,,,,,,,,,,,,,,,,,,,,,,,,,,,,,,,,,,,,,,,,,,,,,,,,,,,,,,,,,,,,,
2019-06-11,2019-06-11,27.91,28.3,27.3,27.4,18841531.0,,,,,,,,,,,,,,,,,,,,,,,,,,,,,,,,,,,,,,,,,,,,,,,,,,,,,,,,,,,,,,,,,,,,,,,,,,,,,,,,,,,,,
2019-06-12,2019-06-12,27.78,28.3,27.66,28.11,14225241.0,,,,,,,,,,,,,,,,,,,,,,,,,,,,,,,,,,,,,,,,,,,,,,,,,,,,,,,,,,,,,,,,,,,,,,,,,,,,,,,,,,,,,
2019-06-13,2019-06-13,27.61,27.905,27.33,27.45,17051858.0,,,,,,,,,,,,,,,,,,,,,,,,,,,,,,,,,,,,,,,,,,,,,,,,,,,,,,,,,,,,,,,,,,,,,,,,,,,,,,,,,,,,,
2019-06-14,2019-06-14,27.32,28.06,27.28,27.8,13682989.0,,,,,,,,,,,,,,,,,,,,,,,,,,,,,,,,,,,,,,,,,,,,,,,,,,,,,,,,,,,,,,,,,,,,,,,,,,,,,,,,,,,,,
2019-06-17,2019-06-17,27.03,27.36,26.8815,27.29,14470210.0,,,,,,,,,,,,,,,,,,,,,,,,,,,,,,,,,,,,,,,,,,,,,,,,,,,,,,,,,,,,,,,,,,,,,,,,,,,,,,,,,,,,,
2019-06-18,2019-06-18,26.82,26.98,26.35,26.54,24889651.0,,,,,,,,,,,,,,,,,,,,,,,,,,,,,,,,,,,,,,,,,,,,,,,,,,,,,,,,,,,,,,,,,,,,,,,,,,,,,,,,,,,,,
2019-06-19,2019-06-19,25.93,26.93,25.88,26.65,29671248.0,,,,,,,,,,,,,,,,,,,,,,,,,,,,,,,,,,,,,,,,,,,,,,,,,,,,,,,,,,,,,,,,,,,,,,,,,,,,,,,,,,,,,
2019-06-20,2019-06-20,26.01,26.82,25.26,25.46,34444193.0,,,,,,,,,,,,,,,,,,,,,,,,,,,,,,,,,,,,,,,,,,,,,,,,,,,,,,,,,,,,,,,,,,,,,,,,,,,,,,,,,,,,,
2019-06-21,2019-06-21,26.62,26.81,25.885,26.2,19740690.0,,,,,,,,,,,,,,,,,,,,,,,,,,,,,,,,,,,,,,,,,,,,,,,,,,,,,,,,,,,,,,,,,,,,,,,,,,,,,,,,,,,,,
2019-06-24,2019-06-24,26.38,26.52,26.14,26.45,12634966.0,,,,,,,,,,,,,,,,,,,,,,,,,,,,,,,,,,,,,,,,,,,,,,,,,,,,,,,,,,,,,,,,,,,,,,,,,,,,,,,,,,,,,
2019-06-25,2019-06-25,27.05,27.181,26.37,26.4,17296855.0,,,,,,,,,,,,,,,,,,,,,,,,,,,,,,,,,,,,,,,,,,,,,,,,,,,,,,,,,,,,,,,,,,,,,,,,,,,,,,,,,,,,,
2019-06-26,2019-06-26,26.84,27.05,26.39,26.52,13586640.0,,,,,,,,,,,,,,,,,,,,,,,,,,,,,,,,,,,,,,,,,,,,,,,,,,,,,,,,,,,,,,,,,,,,,,,,,,,,,,,,,,,,,
2019-06-27,2019-06-27,26.42,26.795,26.2,26.65,14890831.0,,,,,,,,,,,,,,,,,,,,,,,,,,,,,,,,,,,,,,,,,,,,,,,,,,,,,,,,,,,,,,,,,,,,,,,,,,,,,,,,,,,,,
2019-06-28,2019-06-28,26.0,26.3,25.87,26.13,17624656.0,,,,,,,,,,,,,,,,,,,,,,,,,,,,,,,,,,,,,,,,,,,,,,,,,,,,,,,,,,,,,,,,,,,,,,,,,,,,,,,,,,,,,
2019-07-01,2019-07-01,24.56,25.08,24.46,24.55,30302465.0,,,,,,,,,,,,,,,,,,,,,,,,,,,,,,,,,,,,,,,,,,,,,,,,,,,,,,,,,,,,,,,,,,,,,,,,,,,,,,,,,,,,,
2019-07-02,2019-07-02,23.65,24.6,23.61,24.6,26022509.0,,,,,,,,,,,,,,,,,,,,,,,,,,,,,,,,,,,,,,,,,,,,,,,,,,,,,,,,,,,,,,,,,,,,,,,,,,,,,,,,,,,,,
2019-07-03,2019-07-03,23.51,23.88,23.42,23.67,15809303.0,,,,,,,,,,,,,,,,,,,,,,,,,,,,,,,,,,,,,,,,,,,,,,,,,,,,,,,,,,,,,,,,,,,,,,,,,,,,,,,,,,,,,
2019-07-05,2019-07-05,23.58,24.71,23.5,24.01,24124885.0,,,,,,,,,,,,,,,,,,,,,,,,,,,,,,,,,,,,,,,,,,,,,,,,,,,,,,,,,,,,,,,,,,,,,,,,,,,,,,,,,,,,,
2019-07-08,2019-07-08,24.23,24.47,23.9,24.12,18014371.0,,,,,,,,,,,,,,,,,,,,,,,,,,,,,,,,,,,,,,,,,,,,,,,,,,,,,,,,,,,,,,,,,,,,,,,,,,,,,,,,,,,,,
2019-07-09,2019-07-09,24.3,24.96,24.22,24.96,15024150.0,,,,,,,,,,,,,,,,,,,,,,,,,,,,,,,,,,,,,,,,,,,,,,,,,,,,,,,,,,,,,,,,,,,,,,,,,,,,,,,,,,,,,
2019-07-10,2019-07-10,23.56,23.9869,23.495,23.98,19868046.0,,,,,,,,,,,,,,,,,,,,,,,,,,,,,,,,,,,,,,,,,,,,,,,,,,,,,,,,,,,,,,,,,,,,,,,,,,,,,,,,,,,,,
2019-07-11,2019-07-11,23.17,23.6,23.025,23.23,21061186.0,,,,,,,,,,,,,,,,,,,,,,,,,,,,,,,,,,,,,,,,,,,,,,,,,,,,,,,,,,,,,,,,,,,,,,,,,,,,,,,,,,,,,
2019-07-12,2019-07-12,22.8,23.19,22.75,23.01,18425836.0,,,,,,,,,,,,,,,,,,,,,,,,,,,,,,,,,,,,,,,,,,,,,,,,,,,,,,,,,,,,,,,,,,,,,,,,,,,,,,,,,,,,,
2019-07-15,2019-07-15,22.71,22.93,22.58,22.69,15945412.0,,,,,,,,,,,,,,,,,,,,,,,,,,,,,,,,,,,,,,,,,,,,,,,,,,,,,,,,,,,,,,,,,,,,,,,,,,,,,,,,,,,,,
2019-07-16,2019-07-16,22.78,22.9,22.29,22.6,25415471.0,,,,,,,,,,,,,,,,,,,,,,,,,,,,,,,,,,,,,,,,,,,,,,,,,,,,,,,,,,,,,,,,,,,,,,,,,,,,,,,,,,,,,
2019-07-17,2019-07-17,23.36,23.36,22.44,22.58,29056917.0,,,,,,,,,,,,,,,,,,,,,,,,,,,,,,,,,,,,,,,,,,,,,,,,,,,,,,,,,,,,,,,,,,,,,,,,,,,,,,,,,,,,,
2019-07-18,2019-07-18,23.115,23.715,22.71,23.34,27076320.0,,,,,,,,,,,,,,,,,,,,,,,,,,,,,,,,,,,,,,,,,,,,,,,,,,,,,,,,,,,,,,,,,,,,,,,,,,,,,,,,,,,,,
2019-07-19,2019-07-19,23.38,23.43,22.59,22.67,26220800.0,,,,,,,,,,,,,,,,,,,,,,,,,,,,,,,,,,,,,,,,,,,,,,,,,,,,,,,,,,,,,,,,,,,,,,,,,,,,,,,,,,,,,
2019-07-22,2019-07-22,22.91,23.48,22.74,23.35,21908515.0,,,,,,,,,,,,,,,,,,,,,,,,,,,,,,,,,,,,,,,,,,,,,,,,,,,,,,,,,,,,,,,,,,,,,,,,,,,,,,,,,,,,,
2019-07-23,2019-07-23,22.1,22.88,22.08,22.51,18943361.0,,,,,,,,,,,,,,,,,,,,,,,,,,,,,,,,,,,,,,,,,,,,,,,,,,,,,,,,,,,,,,,,,,,,,,,,,,,,,,,,,,,,,
2019-07-24,2019-07-24,21.54,22.37,21.41,22.34,18825276.0,,,,,,,,,,,,,,,,,,,,,,,,,,,,,,,,,,,,,,,,,,,,,,,,,,,,,,,,,,,,,,,,,,,,,,,,,,,,,,,,,,,,,
2019-07-25,2019-07-25,22.2,22.6,21.66,21.66,29862313.0,,,,,,,,,,,,,,,,,,,,,,,,,,,,,,,,,,,,,,,,,,,,,,,,,,,,,,,,,,,,,,,,,,,,,,,,,,,,,,,,,,,,,
2019-07-26,2019-07-26,21.64,21.83,21.46,21.79,18901474.0,,,,,,,,,,,,,,,,,,,,,,,,,,,,,,,,,,,,,,,,,,,,,,,,,,,,,,,,,,,,,,,,,,,,,,,,,,,,,,,,,,,,,
2019-07-29,2019-07-29,21.83,22.0,21.59,21.69,16615858.0,,,,,,,,,,,,,,,,,,,,,,,,,,,,,,,,,,,,,,,,,,,,,,,,,,,,,,,,,,,,,,,,,,,,,,,,,,,,,,,,,,,,,
2019-07-30,2019-07-30,22.34,22.47,21.94,22.26,23460651.0,,,,,,,,,,,,,,,,,,,,,,,,,,,,,,,,,,,,,,,,,,,,,,,,,,,,,,,,,,,,,,,,,,,,,,,,,,,,,,,,,,,,,
2019-07-31,2019-07-31,23.59,24.34,21.93,22.31,53038065.0,,,,,,,,,,,,,,,,,,,,,,,,,,,,,,,,,,,,,,,,,,,,,,,,,,,,,,,,,,,,,,,,,,,,,,,,,,,,,,,,,,,,,
2019-08-01,2019-08-01,25.45,26.14,22.555,23.64,109087195.0,,,,,,,,,,,,,,,,,,,,,,,,,,,,,,,,,,,,,,,,,,,,,,,,,,,,,,,,,,,,,,,,,,,,,,,,,,,,,,,,,,,,,
2019-08-02,2019-08-02,25.66,26.69,25.27,25.5,71310504.0,,,,,,,,,,,,,,,,,,,,,,,,,,,,,,,,,,,,,,,,,,,,,,,,,,,,,,,,,,,,,,,,,,,,,,,,,,,,,,,,,,,,,
2019-08-05,2019-08-05,29.3,29.625,27.28,27.47,86663392.0,,,,,,,,,,,,,,,,,,,,,,,,,,,,,,,,,,,,,,,,,,,,,,,,,,,,,,,,,,,,,,,,,,,,,,,,,,,,,,,,,,,,,
2019-08-06,2019-08-06,27.48,29.67,27.48,28.22,59849382.0,,,,,,,,,,,,,,,,,,,,,,,,,,,,,,,,,,,,,,,,,,,,,,,,,,,,,,,,,,,,,,,,,,,,,,,,,,,,,,,,,,,,,
2019-08-07,2019-08-07,27.62,30.09,27.48,29.44,54533993.0,,,,,,,,,,,,,,,,,,,,,,,,,,,,,,,,,,,,,,,,,,,,,,,,,,,,,,,,,,,,,,,,,,,,,,,,,,,,,,,,,,,,,
2019-08-08,2019-08-08,25.98,27.41,25.87,27.06,34369131.0,,,,,,,,,,,,,,,,,,,,,,,,,,,,,,,,,,,,,,,,,,,,,,,,,,,,,,,,,,,,,,,,,,,,,,,,,,,,,,,,,,,,,
2019-08-09,2019-08-09,26.93,27.465,26.18,26.43,38298114.0,,,,,,,,,,,,,,,,,,,,,,,,,,,,,,,,,,,,,,,,,,,,,,,,,,,,,,,,,,,,,,,,,,,,,,,,,,,,,,,,,,,,,
2019-08-12,2019-08-12,28.89,28.99,27.25,27.35,28752436.0,,,,,,,,,,,,,,,,,,,,,,,,,,,,,,,,,,,,,,,,,,,,,,,,,,,,,,,,,,,,,,,,,,,,,,,,,,,,,,,,,,,,,
2019-08-13,2019-08-13,26.76,29.4,26.71,29.35,41956617.0,,,,,,,,,,,,,,,,,,,,,,,,,,,,,,,,,,,,,,,,,,,,,,,,,,,,,,,,,,,,,,,,,,,,,,,,,,,,,,,,,,,,,
2019-08-14,2019-08-14,30.465,30.5,28.07,28.59,67110934.0,,,,,,,,,,,,,,,,,,,,,,,,,,,,,,,,,,,,,,,,,,,,,,,,,,,,,,,,,,,,,,,,,,,,,,,,,,,,,,,,,,,,,
2019-08-15,2019-08-15,29.67,31.0,29.3715,29.72,39376746.0,,,,,,,,,,,,,,,,,,,,,,,,,,,,,,,,,,,,,,,,,,,,,,,,,,,,,,,,,,,,,,,,,,,,,,,,,,,,,,,,,,,,,
2019-08-16,2019-08-16,28.03,29.14,27.96,29.09,27556919.0,,,,,,,,,,,,,,,,,,,,,,,,,,,,,,,,,,,,,,,,,,,,,,,,,,,,,,,,,,,,,,,,,,,,,,,,,,,,,,,,,,,,,
2019-08-19,2019-08-19,25.98,26.9965,25.88,26.85,28490840.0,,,,,,,,,,,,,,,,,,,,,,,,,,,,,,,,,,,,,,,,,,,,,,,,,,,,,,,,,,,,,,,,,,,,,,,,,,,,,,,,,,,,,
2019-08-20,2019-08-20,26.6,26.79,26.01,26.26,27521918.0,,,,,,,,,,,,,,,,,,,,,,,,,,,,,,,,,,,,,,,,,,,,,,,,,,,,,,,,,,,,,,,,,,,,,,,,,,,,,,,,,,,,,
2019-08-21,2019-08-21,25.3,25.73,25.25,25.53,28577472.0,,,,,,,,,,,,,,,,,,,,,,,,,,,,,,,,,,,,,,,,,,,,,,,,,,,,,,,,,,,,,,,,,,,,,,,,,,,,,,,,,,,,,
2019-08-22,2019-08-22,25.75,26.4599,25.075,25.09,31157200.0,,,,,,,,,,,,,,,,,,,,,,,,,,,,,,,,,,,,,,,,,,,,,,,,,,,,,,,,,,,,,,,,,,,,,,,,,,,,,,,,,,,,,
2019-08-23,2019-08-23,28.96,29.46,25.46,26.63,78293234.0,,,,,,,,,,,,,,,,,,,,,,,,,,,,,,,,,,,,,,,,,,,,,,,,,,,,,,,,,,,,,,,,,,,,,,,,,,,,,,,,,,,,,
2019-08-26,2019-08-26,28.1,28.97,27.44,27.53,32372753.0,,,,,,,,,,,,,,,,,,,,,,,,,,,,,,,,,,,,,,,,,,,,,,,,,,,,,,,,,,,,,,,,,,,,,,,,,,,,,,,,,,,,,
2019-08-27,2019-08-27,28.67,29.39,27.54,27.63,26681523.0,,,,,,,,,,,,,,,,,,,,,,,,,,,,,,,,,,,,,,,,,,,,,,,,,,,,,,,,,,,,,,,,,,,,,,,,,,,,,,,,,,,,,
2019-08-28,2019-08-28,28.02,29.75,28.0,29.33,28005357.0,,,,,,,,,,,,,,,,,,,,,,,,,,,,,,,,,,,,,,,,,,,,,,,,,,,,,,,,,,,,,,,,,,,,,,,,,,,,,,,,,,,,,
2019-08-29,2019-08-29,26.85,27.44,26.58,27.18,28752821.0,,,,,,,,,,,,,,,,,,,,,,,,,,,,,,,,,,,,,,,,,,,,,,,,,,,,,,,,,,,,,,,,,,,,,,,,,,,,,,,,,,,,,
2019-08-30,2019-08-30,27.0,27.64,26.3,26.3,28129769.0,,,,,,,,,,,,,,,,,,,,,,,,,,,,,,,,,,,,,,,,,,,,,,,,,,,,,,,,,,,,,,,,,,,,,,,,,,,,,,,,,,,,,
2019-09-03,2019-09-03,28.19,28.45,27.52,28.0,36077100.0,,,,,,,,,,,,,,,,,,,,,,,,,,,,,,,,,,,,,,,,,,,,,,,,,,,,,,,,,,,,,,,,,,,,,,,,,,,,,,,,,,,,,
2019-09-04,2019-09-04,26.45,27.59,26.43,27.09,36600867.0,,,,,,,,,,,,,,,,,,,,,,,,,,,,,,,,,,,,,,,,,,,,,,,,,,,,,,,,,,,,,,,,,,,,,,,,,,,,,,,,,,,,,
2019-09-05,2019-09-05,25.47,25.85,25.15,25.79,41559964.0,,,,,,,,,,,,,,,,,,,,,,,,,,,,,,,,,,,,,,,,,,,,,,,,,,,,,,,,,,,,,,,,,,,,,,,,,,,,,,,,,,,,,
2019-09-06,2019-09-06,24.72,25.315,24.6,25.14,30572398.0,,,,,,,,,,,,,,,,,,,,,,,,,,,,,,,,,,,,,,,,,,,,,,,,,,,,,,,,,,,,,,,,,,,,,,,,,,,,,,,,,,,,,
2019-09-09,2019-09-09,24.48,25.14,24.22,24.27,31222789.0,,,,,,,,,,,,,,,,,,,,,,,,,,,,,,,,,,,,,,,,,,,,,,,,,,,,,,,,,,,,,,,,,,,,,,,,,,,,,,,,,,,,,
2019-09-10,2019-09-10,24.4,25.18,24.34,24.82,29914315.0,,,,,,,,,,,,,,,,,,,,,,,,,,,,,,,,,,,,,,,,,,,,,,,,,,,,,,,,,,,,,,,,,,,,,,,,,,,,,,,,,,,,,
2019-09-11,2019-09-11,24.02,24.46,23.86,24.37,33546901.0,,,,,,,,,,,,,,,,,,,,,,,,,,,,,,,,,,,,,,,,,,,,,,,,,,,,,,,,,,,,,,,,,,,,,,,,,,,,,,,,,,,,,
2019-09-12,2019-09-12,23.45,23.9,23.17,23.57,42894510.0,,,,,,,,,,,,,,,,,,,,,,,,,,,,,,,,,,,,,,,,,,,,,,,,,,,,,,,,,,,,,,,,,,,,,,,,,,,,,,,,,,,,,
2019-09-13,2019-09-13,23.08,23.33,22.82,23.16,32599380.0,,,,,,,,,,,,,,,,,,,,,,,,,,,,,,,,,,,,,,,,,,,,,,,,,,,,,,,,,,,,,,,,,,,,,,,,,,,,,,,,,,,,,
2019-09-16,2019-09-16,23.42,23.67,23.01,23.6,27943659.0,,,,,,,,,,,,,,,,,,,,,,,,,,,,,,,,,,,,,,,,,,,,,,,,,,,,,,,,,,,,,,,,,,,,,,,,,,,,,,,,,,,,,
2019-09-17,2019-09-17,23.31,23.73,23.29,23.49,25161317.0,,,,,,,,,,,,,,,,,,,,,,,,,,,,,,,,,,,,,,,,,,,,,,,,,,,,,,,,,,,,,,,,,,,,,,,,,,,,,,,,,,,,,
2019-09-18,2019-09-18,22.56,23.6915,22.5,23.1,54380388.0,,,,,,,,,,,,,,,,,,,,,,,,,,,,,,,,,,,,,,,,,,,,,,,,,,,,,,,,,,,,,,,,,,,,,,,,,,,,,,,,,,,,,
2019-09-19,2019-09-19,22.15,22.315,21.8,22.25,33074777.0,,,,,,,,,,,,,,,,,,,,,,,,,,,,,,,,,,,,,,,,,,,,,,,,,,,,,,,,,,,,,,,,,,,,,,,,,,,,,,,,,,,,,
2019-09-20,2019-09-20,23.29,23.48,21.83,21.92,38357372.0,,,,,,,,,,,,,,,,,,,,,,,,,,,,,,,,,,,,,,,,,,,,,,,,,,,,,,,,,,,,,,,,,,,,,,,,,,,,,,,,,,,,,
2019-09-23,2019-09-23,23.09,23.44,22.7,23.38,23116668.0,,,,,,,,,,,,,,,,,,,,,,,,,,,,,,,,,,,,,,,,,,,,,,,,,,,,,,,,,,,,,,,,,,,,,,,,,,,,,,,,,,,,,
2019-09-24,2019-09-24,24.16,24.34,22.45,22.52,63880942.0,,,,,,,,,,,,,,,,,,,,,,,,,,,,,,,,,,,,,,,,,,,,,,,,,,,,,,,,,,,,,,,,,,,,,,,,,,,,,,,,,,,,,
2019-09-25,2019-09-25,23.61,24.97,23.4,24.1,43369035.0,,,,,,,,,,,,,,,,,,,,,,,,,,,,,,,,,,,,,,,,,,,,,,,,,,,,,,,,,,,,,,,,,,,,,,,,,,,,,,,,,,,,,
2019-09-26,2019-09-26,23.81,24.26,23.53,23.55,31422590.0,,,,,,,,,,,,,,,,,,,,,,,,,,,,,,,,,,,,,,,,,,,,,,,,,,,,,,,,,,,,,,,,,,,,,,,,,,,,,,,,,,,,,
2019-09-27,2019-09-27,24.46,25.115,23.38,23.51,54237460.0,,,,,,,,,,,,,,,,,,,,,,,,,,,,,,,,,,,,,,,,,,,,,,,,,,,,,,,,,,,,,,,,,,,,,,,,,,,,,,,,,,,,,
2019-09-30,2019-09-30,23.74,24.21,23.48,24.18,24118716.0,,,,,,,,,,,,,,,,,,,,,,,,,,,,,,,,,,,,,,,,,,,,,,,,,,,,,,,,,,,,,,,,,,,,,,,,,,,,,,,,,,,,,
2019-10-01,2019-10-01,24.79,24.8,23.05,23.13,48062831.0,,,,,,,,,,,,,,,,,,,,,,,,,,,,,,,,,,,,,,,,,,,,,,,,,,,,,,,,,,,,,,,,,,,,,,,,,,,,,,,,,,,,,
2019-10-02,2019-10-02,26.45,26.76,25.47,25.48,84176579.0,,,,,,,,,,,,,,,,,,,,,,,,,,,,,,,,,,,,,,,,,,,,,,,,,,,,,,,,,,,,,,,,,,,,,,,,,,,,,,,,,,,,,
2019-10-03,2019-10-03,25.44,27.1,25.43,26.36,51516387.0,,,,,,,,,,,,,,,,,,,,,,,,,,,,,,,,,,,,,,,,,,,,,,,,,,,,,,,,,,,,,,,,,,,,,,,,,,,,,,,,,,,,,
2019-10-04,2019-10-04,24.09,25.27,24.05,25.25,29824933.0,,,,,,,,,,,,,,,,,,,,,,,,,,,,,,,,,,,,,,,,,,,,,,,,,,,,,,,,,,,,,,,,,,,,,,,,,,,,,,,,,,,,,
2019-10-07,2019-10-07,24.27,24.68,23.76,24.42,29089980.0,,,,,,,,,,,,,,,,,,,,,,,,,,,,,,,,,,,,,,,,,,,,,,,,,,,,,,,,,,,,,,,,,,,,,,,,,,,,,,,,,,,,,
2019-10-08,2019-10-08,26.24,26.27,24.93,25.2,49469482.0,,,,,,,,,,,,,,,,,,,,,,,,,,,,,,,,,,,,,,,,,,,,,,,,,,,,,,,,,,,,,,,,,,,,,,,,,,,,,,,,,,,,,
2019-10-09,2019-10-09,25.36,25.83,24.76,25.45,30012701.0,,,,,,,,,,,,,,,,,,,,,,,,,,,,,,,,,,,,,,,,,,,,,,,,,,,,,,,,,,,,,,,,,,,,,,,,,,,,,,,,,,,,,
2019-10-10,2019-10-10,24.43,25.4,24.355,25.32,34818530.0,,,,,,,,,,,,,,,,,,,,,,,,,,,,,,,,,,,,,,,,,,,,,,,,,,,,,,,,,,,,,,,,,,,,,,,,,,,,,,,,,,,,,
2019-10-11,2019-10-11,23.02,23.82,22.62,23.7,74386222.0,,,,,,,,,,,,,,,,,,,,,,,,,,,,,,,,,,,,,,,,,,,,,,,,,,,,,,,,,,,,,,,,,,,,,,,,,,,,,,,,,,,,,
2019-10-14,2019-10-14,22.27,23.11,22.24,23.09,30104234.0,,,,,,,,,,,,,,,,,,,,,,,,,,,,,,,,,,,,,,,,,,,,,,,,,,,,,,,,,,,,,,,,,,,,,,,,,,,,,,,,,,,,,
2019-10-15,2019-10-15,21.69,21.9,21.36,21.84,46193742.0,,,,,,,,,,,,,,,,,,,,,,,,,,,,,,,,,,,,,,,,,,,,,,,,,,,,,,,,,,,,,,,,,,,,,,,,,,,,,,,,,,,,,
2019-10-16,2019-10-16,21.42,21.88,21.37,21.66,28359123.0,,,,,,,,,,,,,,,,,,,,,,,,,,,,,,,,,,,,,,,,,,,,,,,,,,,,,,,,,,,,,,,,,,,,,,,,,,,,,,,,,,,,,
2019-10-17,2019-10-17,21.29,21.43,20.965,21.21,26156003.0,,,,,,,,,,,,,,,,,,,,,,,,,,,,,,,,,,,,,,,,,,,,,,,,,,,,,,,,,,,,,,,,,,,,,,,,,,,,,,,,,,,,,
2019-10-18,2019-10-18,21.24,21.76,21.03,21.38,32607762.0,,,,,,,,,,,,,,,,,,,,,,,,,,,,,,,,,,,,,,,,,,,,,,,,,,,,,,,,,,,,,,,,,,,,,,,,,,,,,,,,,,,,,
