date,Underlying_date,Underlying_close,Underlying_high,Underlying_low,Underlying_open,Underlying_volume,23.0_close,23.0_high,23.0_low,23.0_open,23.0_volume,23.5_close,23.5_high,23.5_low,23.5_open,23.5_volume,24.0_close,24.0_high,24.0_low,24.0_open,24.0_volume,24.5_close,24.5_high,24.5_low,24.5_open,24.5_volume,25.0_close,25.0_high,25.0_low,25.0_open,25.0_volume,25.5_close,25.5_high,25.5_low,25.5_open,25.5_volume,26.0_close,26.0_high,26.0_low,26.0_open,26.0_volume,26.5_close,26.5_high,26.5_low,26.5_open,26.5_volume,27.0_close,27.0_high,27.0_low,27.0_open,27.0_volume,27.5_close,27.5_high,27.5_low,27.5_open,27.5_volume,28.0_close,28.0_high,28.0_low,28.0_open,28.0_volume,28.5_close,28.5_high,28.5_low,28.5_open,28.5_volume,29.0_close,29.0_high,29.0_low,29.0_open,29.0_volume,29.5_close,29.5_high,29.5_low,29.5_open,29.5_volume
2019-05-06,2019-05-06,26.86,28.22,26.66,27.96,43610349.0,,,,,,,,,,,,,,,,,,,,,,,,,,,,,,,,,,,,,,,,,,,,,,,,,,,,,,,,,,,,,,,,,,,,,,
2019-05-07,2019-05-07,31.33,32.07,28.14,28.41,85493717.0,,,,,,,,,,,,,,,,,,,,,,,,,,,,,,,,,,,,,,,,,,,,,,,,,,,,,,,,,,,,,,,,,,,,,,
2019-05-08,2019-05-08,30.71,31.54,29.61,30.99,44684771.0,,,,,,,,,,,,,,,,,,,,,,,,,,,,,,,,,,,,,,,,,,,,,,,,,,,,,,,,,,,,,,,,,,,,,,
2019-05-09,2019-05-09,30.55,33.29,30.46,32.4,60451039.0,8.4,10.4,8.4,9.5,103.0,9.35,9.8,9.35,9.8,16.0,7.55,9.3,7.55,9.25,29.0,8.95,8.95,8.35,8.35,24.0,8.45,8.45,8.45,8.45,5.0,6.55,8.3,6.55,7.5,49.0,6.5,7.75,6.5,7.05,32.0,7.25,7.35,6.7,6.7,9.0,7.0,7.0,7.0,7.0,4.0,,,,,,,,,,,,,,,,,,,,,,,,,
2019-05-10,2019-05-10,28.19,31.6399,28.19,30.88,60955834.0,8.15,8.15,7.8,7.8,26.0,7.6,7.6,7.1,7.45,18.0,,,,,,5.0,7.45,5.0,6.35,80.0,6.95,6.95,6.3,6.3,26.0,5.95,5.95,5.95,5.95,56.0,4.26,4.41,4.26,4.41,14.0,5.9,5.9,5.0,5.0,22.0,5.06,5.06,5.06,5.06,10.0,,,,,,,,,,,,,,,,2.83,3.05,2.77,3.05,13.0,,,,,
2019-05-13,2019-05-13,32.45,32.59,30.82,31.67,60055151.0,8.6,8.6,8.6,8.6,10.0,8.45,8.45,8.45,8.45,1.0,7.8,8.2,7.8,8.2,4.0,7.45,7.45,7.45,7.45,28.0,7.3,7.3,7.3,7.3,10.0,7.0,7.0,6.85,6.85,31.0,6.6,6.6,6.44,6.44,21.0,6.64,6.65,6.15,6.15,31.0,,,,,,,,,,,,,,,,,,,,,4.6,4.6,4.3,4.5,13.0,,,,,
2019-05-14,2019-05-14,30.65,31.44,30.23,31.24,36854411.0,,,,,,,,,,,,,,,,6.9,6.9,6.9,6.9,29.0,,,,,,6.55,6.55,6.55,6.55,31.0,,,,,,,,,,,4.78,4.78,4.78,4.78,1.0,4.4,4.4,4.4,4.4,1.0,,,,,,,,,,,3.6,4.2,3.6,4.2,2.0,3.6,3.6,3.6,3.6,1.0
2019-05-15,2019-05-15,29.36,31.7179,29.27,31.5,32088264.0,,,,,,,,,,,,,,,,,,,,,,,,,,,,,,,,,,,,,,,,,,,,,,4.9,4.9,4.9,4.9,1.0,3.5,3.5,3.5,3.5,1.0,,,,,,3.05,3.25,3.05,3.25,33.0,3.23,4.1,3.23,4.1,11.0
2019-05-16,2019-05-16,28.1,29.1499,27.91,29.13,31128917.0,,,,,,,,,,,,,,,,,,,,,,,,,,,,,,,3.5,4.2,3.5,4.2,63.0,,,,,,3.02,3.1,3.02,3.1,92.0,,,,,,2.7,3.1,2.59,3.1,70.0,2.63,2.63,2.43,2.55,46.0,2.27,2.27,2.27,2.27,10.0,2.14,2.14,2.14,2.14,1.0
2019-05-17,2019-05-17,28.52,29.26,27.73,29.24,43742319.0,5.75,5.85,5.75,5.85,8.0,,,,,,,,,,,,,,,,4.03,4.03,4.03,4.03,30.0,3.8,3.8,3.8,3.8,29.0,3.83,4.25,3.51,4.25,16.0,3.3,3.85,3.3,3.85,27.0,3.07,3.14,3.07,3.14,61.0,2.82,2.82,2.82,2.82,5.0,2.9,2.9,2.6,2.9,7.0,2.46,3.09,2.46,3.09,22.0,2.51,2.51,2.23,2.23,3.0,,,,,
2019-05-20,2019-05-20,28.94,29.8,28.4,29.31,32737337.0,6.1,6.1,6.1,6.1,2.0,,,,,,,,,,,5.1,5.1,5.1,5.1,7.0,4.65,4.65,4.65,4.65,30.0,,,,,,,,,,,3.85,3.85,3.85,3.85,27.0,,,,,,3.7,3.7,3.7,3.7,5.0,3.06,3.06,3.06,3.06,25.0,2.6,3.0,2.6,3.0,18.0,2.54,3.15,2.54,3.15,106.0,2.71,2.75,2.71,2.75,102.0
2019-05-21,2019-05-21,27.48,28.02,27.39,28.0,23455232.0,,,,,,,,,,,,,,,,,,,,,3.76,3.76,3.76,3.76,50.0,3.27,3.5,3.27,3.5,21.0,3.0,3.25,3.0,3.25,65.0,2.97,3.0,2.97,3.0,25.0,2.7,2.76,2.7,2.76,12.0,,,,,,2.29,2.43,2.23,2.43,230.0,2.0,2.15,2.0,2.15,128.0,1.88,2.16,1.85,2.16,77.0,1.8,1.8,1.8,1.8,94.0
2019-05-22,2019-05-22,27.22,27.69,26.93,27.6,28075437.0,,,,,,,,,,,,,,,,3.85,3.85,3.85,3.85,1.0,,,,,,2.88,3.1,2.88,3.1,33.0,2.69,2.94,2.69,2.86,112.0,2.69,2.69,2.64,2.64,7.0,2.36,2.52,2.25,2.52,15.0,,,,,,2.02,2.35,2.02,2.35,230.0,,,,,,1.61,1.77,1.61,1.77,12.0,,,,,
2019-05-23,2019-05-23,29.02,29.5,28.25,28.25,42745667.0,,,,,,,,,,,,,,,,,,,,,4.7,4.7,4.5,4.5,15.0,,,,,,4.03,4.03,3.69,3.8,94.0,3.65,3.75,3.6,3.6,40.0,3.16,3.33,3.16,3.2,6.0,,,,,,2.87,2.99,2.53,2.53,114.0,3.0,3.0,2.38,2.6,35.0,2.67,2.86,2.31,2.31,179.0,2.48,2.48,2.2,2.2,97.0
2019-05-24,2019-05-24,28.42,28.8,27.88,28.17,24589353.0,5.27,5.27,5.27,5.27,100.0,,,,,,4.7,4.7,4.6,4.6,14.0,4.3,4.3,4.3,4.3,9.0,3.95,3.95,3.95,3.95,2.0,,,,,,3.35,3.35,3.35,3.35,1.0,3.14,3.25,3.14,3.25,34.0,2.85,3.1,2.74,2.74,21.0,,,,,,2.4,2.53,2.35,2.37,19.0,2.2,2.54,2.17,2.17,89.0,2.06,2.34,2.01,2.07,24.0,1.89,1.96,1.89,1.9,30.0
2019-05-28,2019-05-28,29.27,29.27,27.76,28.22,22138340.0,5.13,5.13,5.13,5.13,100.0,5.0,5.0,4.98,4.98,2.0,4.7,4.7,4.7,4.7,1.0,,,,,,4.75,4.75,4.5,4.5,16.0,,,,,,3.85,3.85,3.06,3.06,9.0,,,,,,3.39,3.39,2.76,2.76,5.0,,,,,,2.6,2.6,2.15,2.31,84.0,2.68,2.72,2.05,2.07,155.0,2.5,2.5,1.79,1.82,103.0,2.28,2.28,1.67,1.67,11.0
2019-05-29,2019-05-29,29.84,30.3701,29.32,29.89,33021038.0,7.11,7.11,7.11,7.11,4.0,,,,,,6.0,6.05,6.0,6.04,31.0,,,,,,5.4,5.4,4.9,5.31,67.0,,,,,,4.76,4.76,4.76,4.76,1.0,4.38,4.38,3.95,3.96,61.0,4.0,4.0,3.6,3.6,81.0,,,,,,3.4,3.57,3.3,3.39,59.0,3.02,3.29,2.76,3.25,192.0,2.79,3.1,2.75,2.94,233.0,2.8,2.8,2.39,2.76,16.0
2019-05-30,2019-05-30,29.31,29.88,28.845,29.11,20277162.0,,,,,,,,,,,,,,,,,,,,,4.49,4.49,4.49,4.49,10.0,,,,,,,,,,,3.55,3.55,3.55,3.55,1.0,3.21,3.5,3.21,3.5,5.0,3.3,3.3,3.3,3.3,1.0,2.81,2.96,2.67,2.67,6.0,,,,,,2.61,2.61,2.29,2.31,39.0,2.41,2.41,2.13,2.13,7.0
2019-05-31,2019-05-31,30.42,30.89,29.905,30.73,28925166.0,,,,,,,,,,,,,,,,,,,,,5.5,5.83,5.4,5.83,110.0,5.19,5.19,5.19,5.19,1.0,5.1,5.2,4.94,5.2,25.0,4.45,4.75,4.45,4.75,11.0,,,,,,4.0,4.0,4.0,4.0,1.0,3.55,3.89,3.25,3.89,63.0,3.35,3.6,3.35,3.6,11.0,3.08,3.4,3.0,3.25,286.0,3.03,3.15,3.03,3.06,7.0
2019-06-03,2019-06-03,30.73,31.41,29.8199,30.4,29037266.0,,,,,,,,,,,6.71,6.72,6.11,6.13,150.0,,,,,,5.89,5.89,5.13,5.45,197.0,5.0,5.0,5.0,5.0,10.0,4.99,4.99,4.34,4.34,321.0,4.43,4.43,4.43,4.43,1.0,4.87,4.87,3.68,4.08,70.0,4.03,4.1,3.9,3.9,34.0,3.85,3.85,3.45,3.45,113.0,3.85,3.85,3.85,3.85,1.0,3.5,3.6,2.71,2.8,51.0,3.12,3.12,2.58,2.75,13.0
2019-06-04,2019-06-04,29.02,30.24,29.0,29.81,24171477.0,,,,,,,,,,,5.51,5.51,5.51,5.51,40.0,5.1,5.35,5.1,5.35,2.0,4.35,4.65,4.35,4.65,9.0,,,,,,3.88,3.88,3.88,3.88,80.0,4.2,4.2,4.2,4.2,1.0,2.9,3.2,2.9,3.2,3.0,,,,,,,,,,,2.25,2.45,2.25,2.45,57.0,1.95,2.6,1.95,2.6,90.0,1.86,1.99,1.86,1.99,3.0
2019-06-05,2019-06-05,28.46,29.33,28.31,28.65,23479972.0,,,,,,5.64,5.66,5.64,5.66,2.0,,,,,,,,,,,3.9,3.9,3.9,3.9,3.0,,,,,,3.4,3.6,3.13,3.32,103.0,,,,,,2.63,2.91,2.63,2.91,102.0,2.59,2.59,2.59,2.59,1.0,1.99,2.26,1.99,2.26,12.0,1.99,2.29,1.99,2.11,23.0,1.5,1.97,1.5,1.97,85.0,1.38,1.82,1.38,1.74,16.0
2019-06-06,2019-06-06,27.85,28.55,27.77,28.24,18497198.0,,,,,,,,,,,,,,,,3.65,4.05,3.65,4.05,3.0,3.41,3.41,3.41,3.41,3.0,2.87,3.05,2.87,3.05,60.0,,,,,,2.72,2.72,2.72,2.72,1.0,2.07,2.16,2.07,2.16,3.0,1.77,2.04,1.77,2.04,9.0,1.6,1.91,1.6,1.91,55.0,1.43,1.74,1.4,1.72,27.0,1.29,1.59,1.29,1.5,104.0,1.23,1.42,1.23,1.42,87.0
2019-06-07,2019-06-07,28.06,28.1615,27.6,27.77,23326873.0,5.0,5.0,5.0,5.0,1.0,,,,,,,,,,,3.67,3.67,3.67,3.67,1.0,3.35,3.35,3.25,3.25,3.0,3.0,3.0,2.67,2.76,78.0,2.37,2.37,2.37,2.37,1.0,2.34,2.34,2.12,2.23,33.0,1.96,2.05,1.85,1.85,9.0,1.74,1.85,1.74,1.77,44.0,1.61,1.65,1.45,1.58,127.0,1.39,1.47,1.37,1.43,81.0,1.29,1.32,1.14,1.25,90.0,1.14,1.14,1.11,1.11,484.0
2019-06-10,2019-06-10,27.86,28.24,27.61,27.71,14480560.0,4.95,4.95,4.9,4.9,28.0,,,,,,,,,,,3.35,3.35,3.35,3.35,13.0,3.24,3.24,2.94,3.0,86.0,2.72,2.95,2.62,2.65,59.0,2.46,2.64,2.36,2.41,35.0,2.13,2.28,2.04,2.04,20.0,1.89,2.05,1.79,1.85,77.0,1.64,1.84,1.59,1.59,38.0,1.44,1.62,1.38,1.38,275.0,1.29,1.35,1.23,1.25,55.0,1.14,1.27,1.09,1.11,104.0,1.06,1.06,0.97,0.99,80.0
2019-06-11,2019-06-11,27.91,28.3,27.3,27.4,18841531.0,,,,,,,,,,,3.95,4.35,3.94,4.35,70.0,,,,,,3.15,3.4,2.85,2.85,27.0,2.73,2.73,2.73,2.73,4.0,2.38,2.65,2.11,2.18,113.0,2.06,2.39,1.84,1.84,213.0,2.0,2.05,1.74,1.81,1052.0,1.69,1.85,1.32,1.32,63.0,1.34,1.62,1.21,1.27,120.0,1.28,1.42,1.07,1.1,140.0,1.06,1.23,0.9,0.9,261.0,1.0,1.01,0.8,0.8,789.0
2019-06-12,2019-06-12,27.78,28.3,27.66,28.11,14225241.0,5.12,5.12,5.12,5.12,4.0,,,,,,4.15,4.15,4.15,4.15,3.0,,,,,,3.25,3.25,3.25,3.25,20.0,2.52,2.73,2.52,2.73,49.0,2.2,2.54,2.2,2.54,4.0,1.94,2.34,1.93,2.34,294.0,1.69,2.03,1.6,2.03,85.0,1.39,1.67,1.38,1.67,44.0,1.22,1.57,1.22,1.55,93.0,1.06,1.37,1.03,1.35,71.0,0.91,1.14,0.91,1.1,165.0,0.79,0.98,0.79,0.98,36.0
2019-06-13,2019-06-13,27.61,27.905,27.33,27.45,17051858.0,,,,,,,,,,,3.62,3.62,3.62,3.62,60.0,,,,,,2.87,2.87,2.64,2.64,13.0,2.4,2.4,2.19,2.19,27.0,2.07,2.1,1.97,1.98,176.0,1.76,1.76,1.63,1.63,170.0,1.47,1.58,1.39,1.41,102.0,1.39,1.4,1.15,1.2,128.0,1.21,1.21,1.0,1.01,151.0,1.01,1.01,0.85,0.89,127.0,0.78,0.86,0.71,0.75,408.0,0.71,0.75,0.64,0.65,189.0
2019-06-14,2019-06-14,27.32,28.06,27.28,27.8,13682989.0,,,,,,,,,,,3.72,4.04,3.72,4.04,2.0,2.93,2.93,2.93,2.93,20.0,2.5,3.1,2.5,3.1,65.0,2.25,2.51,2.25,2.51,35.0,1.74,2.32,1.74,2.28,450.0,1.47,1.96,1.44,1.96,199.0,1.19,1.68,1.19,1.62,338.0,1.01,1.42,0.99,1.4,151.0,0.81,1.24,0.81,1.18,1281.0,0.73,1.03,0.73,0.99,99.0,0.59,0.89,0.59,0.89,320.0,0.5,0.68,0.5,0.68,87.0
2019-06-17,2019-06-17,27.03,27.36,26.8815,27.29,14470210.0,4.02,4.23,4.02,4.23,30.0,,,,,,3.19,3.19,3.19,3.19,1.0,2.55,2.72,2.5,2.54,214.0,2.1,2.38,2.09,2.38,450.0,1.82,1.93,1.73,1.78,444.0,1.48,1.68,1.4,1.68,1214.0,1.15,1.33,1.15,1.33,596.0,1.01,1.15,0.92,1.15,512.0,0.8,0.95,0.76,0.94,1200.0,0.65,0.79,0.6,0.79,6532.0,0.55,0.66,0.51,0.66,2056.0,0.44,0.55,0.42,0.55,130.0,0.38,0.4,0.36,0.36,25.0
2019-06-18,2019-06-18,26.82,26.98,26.35,26.54,24889651.0,3.63,3.65,3.6,3.65,32.0,,,,,,2.6,2.67,2.5,2.63,110.0,2.41,2.46,2.15,2.19,64.0,2.04,2.15,1.65,1.85,691.0,1.66,1.86,1.37,1.46,280.0,1.47,1.55,1.11,1.18,755.0,1.15,1.26,0.87,0.97,565.0,0.95,1.02,0.71,0.76,540.0,0.8,0.85,0.57,0.63,383.0,0.64,0.72,0.46,0.53,22449.0,0.55,0.55,0.39,0.39,158.0,0.48,0.49,0.31,0.35,779.0,0.37,0.38,0.28,0.29,137.0
2019-06-19,2019-06-19,25.93,26.93,25.88,26.65,29671248.0,,,,,,3.35,3.35,3.35,3.35,11.0,2.13,2.75,2.13,2.75,107.0,1.67,2.45,1.67,2.45,131.0,1.33,2.07,1.33,1.96,664.0,1.05,1.73,1.05,1.62,392.0,0.8,1.45,0.8,1.34,873.0,0.68,1.2,0.67,1.15,1265.0,0.52,1.05,0.52,0.94,925.0,0.45,0.83,0.42,0.77,454.0,0.35,0.75,0.34,0.63,11575.0,0.29,0.57,0.29,0.52,490.0,0.24,1.35,0.24,0.52,1321.0,0.2,1.28,0.2,0.37,892.0
2019-06-20,2019-06-20,26.01,26.82,25.26,25.46,34444193.0,2.94,3.25,2.35,2.4,83.0,2.48,2.98,1.96,2.03,232.0,2.05,2.49,1.53,1.65,104.0,1.67,2.33,1.19,1.27,671.0,1.45,2.05,0.92,1.03,4307.0,1.12,1.6,0.72,0.79,1876.0,0.85,1.42,0.56,0.7,2694.0,0.73,1.18,0.44,0.56,2317.0,0.58,1.04,0.35,0.44,13019.0,0.48,0.79,0.28,0.32,1917.0,0.4,0.7,0.23,0.25,1879.0,0.3,0.55,0.19,0.19,1877.0,0.27,0.49,0.15,0.16,620.0,0.19,0.33,0.18,0.18,48.0
2019-06-21,2019-06-21,26.62,26.81,25.885,26.2,19740690.0,3.16,3.16,3.16,3.16,2.0,2.82,2.82,2.53,2.79,56.0,2.7,2.7,2.07,2.21,76.0,1.74,1.74,1.65,1.68,52.0,1.86,1.86,1.23,1.55,1829.0,1.28,1.47,0.98,1.22,905.0,0.99,1.15,0.74,1.0,5680.0,0.83,0.9,0.57,0.82,1406.0,0.68,0.71,0.44,0.65,3795.0,0.53,0.56,0.34,0.55,3348.0,0.36,0.44,0.27,0.44,1987.0,0.33,0.38,0.22,0.31,2778.0,0.25,0.28,0.17,0.28,961.0,0.22,0.23,0.13,0.23,667.0
2019-06-24,2019-06-24,26.38,26.52,26.14,26.45,12634966.0,3.4,3.45,3.2,3.39,57.0,2.91,2.95,2.76,2.9,78.0,2.42,2.42,2.25,2.42,31.0,1.95,1.95,1.79,1.95,78.0,1.48,1.56,1.34,1.56,928.0,1.13,1.21,0.98,1.18,449.0,0.76,0.93,0.69,0.93,1622.0,0.54,0.75,0.52,0.59,1110.0,0.41,0.54,0.15,0.15,4674.0,0.28,0.41,0.26,0.4,3369.0,0.22,0.32,0.2,0.3,4062.0,0.17,0.25,0.15,0.25,531.0,0.13,0.18,0.12,0.18,589.0,0.1,0.14,0.1,0.13,418.0
2019-06-25,2019-06-25,27.05,27.181,26.37,26.4,17296855.0,4.0,4.1,3.45,3.55,95.0,3.2,3.2,3.1,3.1,15.0,3.05,3.05,2.55,2.55,108.0,2.61,2.61,2.25,2.25,67.0,2.17,2.17,1.47,1.53,609.0,1.67,1.67,1.13,1.13,262.0,1.12,1.28,0.72,0.79,1969.0,0.81,0.91,0.3,0.54,2236.0,0.59,0.67,0.3,0.39,6356.0,0.4,0.45,0.2,0.29,3978.0,0.3,0.32,0.14,0.2,37759.0,0.21,0.22,0.12,0.15,2393.0,0.13,0.21,0.08,0.21,1369.0,0.11,0.12,0.07,0.08,2922.0
2019-06-26,2019-06-26,26.84,27.05,26.39,26.52,13586640.0,3.7,3.7,3.7,3.7,10.0,3.25,3.25,2.92,2.92,24.0,2.73,3.05,2.4,2.4,203.0,2.42,2.48,2.04,2.04,92.0,1.81,2.05,1.44,1.48,748.0,1.26,1.6,1.13,1.16,244.0,0.92,1.14,0.71,0.81,4603.0,0.57,0.73,0.45,0.5,2970.0,0.35,0.52,0.29,0.35,2477.0,0.25,0.31,0.2,0.24,931.0,0.16,0.21,0.13,0.14,2187.0,0.11,0.15,0.1,0.1,2401.0,0.08,0.11,0.07,0.07,1857.0,0.06,0.09,0.05,0.09,63.0
2019-06-27,2019-06-27,26.42,26.795,26.2,26.65,14890831.0,3.4,3.4,3.4,3.4,3.0,2.86,2.94,2.73,2.94,12.0,2.46,2.62,2.46,2.62,10.0,1.89,2.06,1.86,2.06,51.0,1.4,1.77,0.84,1.49,1091.0,0.81,1.19,0.8,1.05,153.0,0.5,0.86,0.43,0.75,9498.0,0.21,0.49,0.21,0.45,3287.0,0.11,0.3,0.1,0.3,6784.0,0.05,0.16,0.05,0.15,3399.0,0.04,0.11,0.04,0.11,1676.0,0.03,0.06,0.03,0.06,2165.0,0.03,0.06,0.03,0.06,856.0,0.03,0.03,0.02,0.02,324.0
2019-06-28,2019-06-28,26.0,26.3,25.87,26.13,17624656.0,3.08,3.25,3.08,3.25,17.0,2.61,2.67,2.61,2.67,18.0,2.14,2.2,2.12,2.2,35.0,1.67,1.67,1.64,1.64,20.0,0.94,1.28,0.94,1.19,225.0,0.06,0.74,0.06,0.71,627.0,0.01,0.37,0.01,0.31,3545.0,0.01,0.4,0.01,0.4,3881.0,0.01,0.28,0.01,0.28,3543.0,0.01,0.24,0.01,0.24,633.0,0.01,0.03,0.01,0.03,465.0,0.01,0.02,0.01,0.01,187.0,0.01,0.02,0.01,0.02,189.0,0.01,0.01,0.01,0.01,102.0
2019-07-01,2019-07-01,24.56,25.08,24.46,24.55,30302465.0,,,,,,,,,,,,,,,,,,,,,,,,,,,,,,,,,,,,,,,,,,,,,,,,,,,,,,,,,,,,,,,,,,,,,,
2019-07-02,2019-07-02,23.65,24.6,23.61,24.6,26022509.0,,,,,,,,,,,,,,,,,,,,,,,,,,,,,,,,,,,,,,,,,,,,,,,,,,,,,,,,,,,,,,,,,,,,,,
2019-07-03,2019-07-03,23.51,23.88,23.42,23.67,15809303.0,,,,,,,,,,,,,,,,,,,,,,,,,,,,,,,,,,,,,,,,,,,,,,,,,,,,,,,,,,,,,,,,,,,,,,
2019-07-05,2019-07-05,23.58,24.71,23.5,24.01,24124885.0,,,,,,,,,,,,,,,,,,,,,,,,,,,,,,,,,,,,,,,,,,,,,,,,,,,,,,,,,,,,,,,,,,,,,,
2019-07-08,2019-07-08,24.23,24.47,23.9,24.12,18014371.0,,,,,,,,,,,,,,,,,,,,,,,,,,,,,,,,,,,,,,,,,,,,,,,,,,,,,,,,,,,,,,,,,,,,,,
2019-07-09,2019-07-09,24.3,24.96,24.22,24.96,15024150.0,,,,,,,,,,,,,,,,,,,,,,,,,,,,,,,,,,,,,,,,,,,,,,,,,,,,,,,,,,,,,,,,,,,,,,
2019-07-10,2019-07-10,23.56,23.9869,23.495,23.98,19868046.0,,,,,,,,,,,,,,,,,,,,,,,,,,,,,,,,,,,,,,,,,,,,,,,,,,,,,,,,,,,,,,,,,,,,,,
2019-07-11,2019-07-11,23.17,23.6,23.025,23.23,21061186.0,,,,,,,,,,,,,,,,,,,,,,,,,,,,,,,,,,,,,,,,,,,,,,,,,,,,,,,,,,,,,,,,,,,,,,
2019-07-12,2019-07-12,22.8,23.19,22.75,23.01,18425836.0,,,,,,,,,,,,,,,,,,,,,,,,,,,,,,,,,,,,,,,,,,,,,,,,,,,,,,,,,,,,,,,,,,,,,,
2019-07-15,2019-07-15,22.71,22.93,22.58,22.69,15945412.0,,,,,,,,,,,,,,,,,,,,,,,,,,,,,,,,,,,,,,,,,,,,,,,,,,,,,,,,,,,,,,,,,,,,,,
2019-07-16,2019-07-16,22.78,22.9,22.29,22.6,25415471.0,,,,,,,,,,,,,,,,,,,,,,,,,,,,,,,,,,,,,,,,,,,,,,,,,,,,,,,,,,,,,,,,,,,,,,
2019-07-17,2019-07-17,23.36,23.36,22.44,22.58,29056917.0,,,,,,,,,,,,,,,,,,,,,,,,,,,,,,,,,,,,,,,,,,,,,,,,,,,,,,,,,,,,,,,,,,,,,,
2019-07-18,2019-07-18,23.115,23.715,22.71,23.34,27076320.0,,,,,,,,,,,,,,,,,,,,,,,,,,,,,,,,,,,,,,,,,,,,,,,,,,,,,,,,,,,,,,,,,,,,,,
2019-07-19,2019-07-19,23.38,23.43,22.59,22.67,26220800.0,,,,,,,,,,,,,,,,,,,,,,,,,,,,,,,,,,,,,,,,,,,,,,,,,,,,,,,,,,,,,,,,,,,,,,
2019-07-22,2019-07-22,22.91,23.48,22.74,23.35,21908515.0,,,,,,,,,,,,,,,,,,,,,,,,,,,,,,,,,,,,,,,,,,,,,,,,,,,,,,,,,,,,,,,,,,,,,,
2019-07-23,2019-07-23,22.1,22.88,22.08,22.51,18943361.0,,,,,,,,,,,,,,,,,,,,,,,,,,,,,,,,,,,,,,,,,,,,,,,,,,,,,,,,,,,,,,,,,,,,,,
2019-07-24,2019-07-24,21.54,22.37,21.41,22.34,18825276.0,,,,,,,,,,,,,,,,,,,,,,,,,,,,,,,,,,,,,,,,,,,,,,,,,,,,,,,,,,,,,,,,,,,,,,
2019-07-25,2019-07-25,22.2,22.6,21.66,21.66,29862313.0,,,,,,,,,,,,,,,,,,,,,,,,,,,,,,,,,,,,,,,,,,,,,,,,,,,,,,,,,,,,,,,,,,,,,,
2019-07-26,2019-07-26,21.64,21.83,21.46,21.79,18901474.0,,,,,,,,,,,,,,,,,,,,,,,,,,,,,,,,,,,,,,,,,,,,,,,,,,,,,,,,,,,,,,,,,,,,,,
2019-07-29,2019-07-29,21.83,22.0,21.59,21.69,16615858.0,,,,,,,,,,,,,,,,,,,,,,,,,,,,,,,,,,,,,,,,,,,,,,,,,,,,,,,,,,,,,,,,,,,,,,
2019-07-30,2019-07-30,22.34,22.47,21.94,22.26,23460651.0,,,,,,,,,,,,,,,,,,,,,,,,,,,,,,,,,,,,,,,,,,,,,,,,,,,,,,,,,,,,,,,,,,,,,,
2019-07-31,2019-07-31,23.59,24.34,21.93,22.31,53038065.0,,,,,,,,,,,,,,,,,,,,,,,,,,,,,,,,,,,,,,,,,,,,,,,,,,,,,,,,,,,,,,,,,,,,,,
2019-08-01,2019-08-01,25.45,26.14,22.555,23.64,109087195.0,,,,,,,,,,,,,,,,,,,,,,,,,,,,,,,,,,,,,,,,,,,,,,,,,,,,,,,,,,,,,,,,,,,,,,
2019-08-02,2019-08-02,25.66,26.69,25.27,25.5,71310504.0,,,,,,,,,,,,,,,,,,,,,,,,,,,,,,,,,,,,,,,,,,,,,,,,,,,,,,,,,,,,,,,,,,,,,,
2019-08-05,2019-08-05,29.3,29.625,27.28,27.47,86663392.0,,,,,,,,,,,,,,,,,,,,,,,,,,,,,,,,,,,,,,,,,,,,,,,,,,,,,,,,,,,,,,,,,,,,,,
2019-08-06,2019-08-06,27.48,29.67,27.48,28.22,59849382.0,,,,,,,,,,,,,,,,,,,,,,,,,,,,,,,,,,,,,,,,,,,,,,,,,,,,,,,,,,,,,,,,,,,,,,
2019-08-07,2019-08-07,27.62,30.09,27.48,29.44,54533993.0,,,,,,,,,,,,,,,,,,,,,,,,,,,,,,,,,,,,,,,,,,,,,,,,,,,,,,,,,,,,,,,,,,,,,,
2019-08-08,2019-08-08,25.98,27.41,25.87,27.06,34369131.0,,,,,,,,,,,,,,,,,,,,,,,,,,,,,,,,,,,,,,,,,,,,,,,,,,,,,,,,,,,,,,,,,,,,,,
2019-08-09,2019-08-09,26.93,27.465,26.18,26.43,38298114.0,,,,,,,,,,,,,,,,,,,,,,,,,,,,,,,,,,,,,,,,,,,,,,,,,,,,,,,,,,,,,,,,,,,,,,
2019-08-12,2019-08-12,28.89,28.99,27.25,27.35,28752436.0,,,,,,,,,,,,,,,,,,,,,,,,,,,,,,,,,,,,,,,,,,,,,,,,,,,,,,,,,,,,,,,,,,,,,,
2019-08-13,2019-08-13,26.76,29.4,26.71,29.35,41956617.0,,,,,,,,,,,,,,,,,,,,,,,,,,,,,,,,,,,,,,,,,,,,,,,,,,,,,,,,,,,,,,,,,,,,,,
2019-08-14,2019-08-14,30.465,30.5,28.07,28.59,67110934.0,,,,,,,,,,,,,,,,,,,,,,,,,,,,,,,,,,,,,,,,,,,,,,,,,,,,,,,,,,,,,,,,,,,,,,
2019-08-15,2019-08-15,29.67,31.0,29.3715,29.72,39376746.0,,,,,,,,,,,,,,,,,,,,,,,,,,,,,,,,,,,,,,,,,,,,,,,,,,,,,,,,,,,,,,,,,,,,,,
2019-08-16,2019-08-16,28.03,29.14,27.96,29.09,27556919.0,,,,,,,,,,,,,,,,,,,,,,,,,,,,,,,,,,,,,,,,,,,,,,,,,,,,,,,,,,,,,,,,,,,,,,
2019-08-19,2019-08-19,25.98,26.9965,25.88,26.85,28490840.0,,,,,,,,,,,,,,,,,,,,,,,,,,,,,,,,,,,,,,,,,,,,,,,,,,,,,,,,,,,,,,,,,,,,,,
2019-08-20,2019-08-20,26.6,26.79,26.01,26.26,27521918.0,,,,,,,,,,,,,,,,,,,,,,,,,,,,,,,,,,,,,,,,,,,,,,,,,,,,,,,,,,,,,,,,,,,,,,
2019-08-21,2019-08-21,25.3,25.73,25.25,25.53,28577472.0,,,,,,,,,,,,,,,,,,,,,,,,,,,,,,,,,,,,,,,,,,,,,,,,,,,,,,,,,,,,,,,,,,,,,,
2019-08-22,2019-08-22,25.75,26.4599,25.075,25.09,31157200.0,,,,,,,,,,,,,,,,,,,,,,,,,,,,,,,,,,,,,,,,,,,,,,,,,,,,,,,,,,,,,,,,,,,,,,
2019-08-23,2019-08-23,28.96,29.46,25.46,26.63,78293234.0,,,,,,,,,,,,,,,,,,,,,,,,,,,,,,,,,,,,,,,,,,,,,,,,,,,,,,,,,,,,,,,,,,,,,,
2019-08-26,2019-08-26,28.1,28.97,27.44,27.53,32372753.0,,,,,,,,,,,,,,,,,,,,,,,,,,,,,,,,,,,,,,,,,,,,,,,,,,,,,,,,,,,,,,,,,,,,,,
2019-08-27,2019-08-27,28.67,29.39,27.54,27.63,26681523.0,,,,,,,,,,,,,,,,,,,,,,,,,,,,,,,,,,,,,,,,,,,,,,,,,,,,,,,,,,,,,,,,,,,,,,
2019-08-28,2019-08-28,28.02,29.75,28.0,29.33,28005357.0,,,,,,,,,,,,,,,,,,,,,,,,,,,,,,,,,,,,,,,,,,,,,,,,,,,,,,,,,,,,,,,,,,,,,,
2019-08-29,2019-08-29,26.85,27.44,26.58,27.18,28752821.0,,,,,,,,,,,,,,,,,,,,,,,,,,,,,,,,,,,,,,,,,,,,,,,,,,,,,,,,,,,,,,,,,,,,,,
2019-08-30,2019-08-30,27.0,27.64,26.3,26.3,28129769.0,,,,,,,,,,,,,,,,,,,,,,,,,,,,,,,,,,,,,,,,,,,,,,,,,,,,,,,,,,,,,,,,,,,,,,
2019-09-03,2019-09-03,28.19,28.45,27.52,28.0,36077100.0,,,,,,,,,,,,,,,,,,,,,,,,,,,,,,,,,,,,,,,,,,,,,,,,,,,,,,,,,,,,,,,,,,,,,,
2019-09-04,2019-09-04,26.45,27.59,26.43,27.09,36600867.0,,,,,,,,,,,,,,,,,,,,,,,,,,,,,,,,,,,,,,,,,,,,,,,,,,,,,,,,,,,,,,,,,,,,,,
2019-09-05,2019-09-05,25.47,25.85,25.15,25.79,41559964.0,,,,,,,,,,,,,,,,,,,,,,,,,,,,,,,,,,,,,,,,,,,,,,,,,,,,,,,,,,,,,,,,,,,,,,
2019-09-06,2019-09-06,24.72,25.315,24.6,25.14,30572398.0,,,,,,,,,,,,,,,,,,,,,,,,,,,,,,,,,,,,,,,,,,,,,,,,,,,,,,,,,,,,,,,,,,,,,,
2019-09-09,2019-09-09,24.48,25.14,24.22,24.27,31222789.0,,,,,,,,,,,,,,,,,,,,,,,,,,,,,,,,,,,,,,,,,,,,,,,,,,,,,,,,,,,,,,,,,,,,,,
2019-09-10,2019-09-10,24.4,25.18,24.34,24.82,29914315.0,,,,,,,,,,,,,,,,,,,,,,,,,,,,,,,,,,,,,,,,,,,,,,,,,,,,,,,,,,,,,,,,,,,,,,
2019-09-11,2019-09-11,24.02,24.46,23.86,24.37,33546901.0,,,,,,,,,,,,,,,,,,,,,,,,,,,,,,,,,,,,,,,,,,,,,,,,,,,,,,,,,,,,,,,,,,,,,,
2019-09-12,2019-09-12,23.45,23.9,23.17,23.57,42894510.0,,,,,,,,,,,,,,,,,,,,,,,,,,,,,,,,,,,,,,,,,,,,,,,,,,,,,,,,,,,,,,,,,,,,,,
2019-09-13,2019-09-13,23.08,23.33,22.82,23.16,32599380.0,,,,,,,,,,,,,,,,,,,,,,,,,,,,,,,,,,,,,,,,,,,,,,,,,,,,,,,,,,,,,,,,,,,,,,
2019-09-16,2019-09-16,23.42,23.67,23.01,23.6,27943659.0,,,,,,,,,,,,,,,,,,,,,,,,,,,,,,,,,,,,,,,,,,,,,,,,,,,,,,,,,,,,,,,,,,,,,,
2019-09-17,2019-09-17,23.31,23.73,23.29,23.49,25161317.0,,,,,,,,,,,,,,,,,,,,,,,,,,,,,,,,,,,,,,,,,,,,,,,,,,,,,,,,,,,,,,,,,,,,,,
2019-09-18,2019-09-18,22.56,23.6915,22.5,23.1,54380388.0,,,,,,,,,,,,,,,,,,,,,,,,,,,,,,,,,,,,,,,,,,,,,,,,,,,,,,,,,,,,,,,,,,,,,,
2019-09-19,2019-09-19,22.15,22.315,21.8,22.25,33074777.0,,,,,,,,,,,,,,,,,,,,,,,,,,,,,,,,,,,,,,,,,,,,,,,,,,,,,,,,,,,,,,,,,,,,,,
2019-09-20,2019-09-20,23.29,23.48,21.83,21.92,38357372.0,,,,,,,,,,,,,,,,,,,,,,,,,,,,,,,,,,,,,,,,,,,,,,,,,,,,,,,,,,,,,,,,,,,,,,
2019-09-23,2019-09-23,23.09,23.44,22.7,23.38,23116668.0,,,,,,,,,,,,,,,,,,,,,,,,,,,,,,,,,,,,,,,,,,,,,,,,,,,,,,,,,,,,,,,,,,,,,,
2019-09-24,2019-09-24,24.16,24.34,22.45,22.52,63880942.0,,,,,,,,,,,,,,,,,,,,,,,,,,,,,,,,,,,,,,,,,,,,,,,,,,,,,,,,,,,,,,,,,,,,,,
2019-09-25,2019-09-25,23.61,24.97,23.4,24.1,43369035.0,,,,,,,,,,,,,,,,,,,,,,,,,,,,,,,,,,,,,,,,,,,,,,,,,,,,,,,,,,,,,,,,,,,,,,
2019-09-26,2019-09-26,23.81,24.26,23.53,23.55,31422590.0,,,,,,,,,,,,,,,,,,,,,,,,,,,,,,,,,,,,,,,,,,,,,,,,,,,,,,,,,,,,,,,,,,,,,,
2019-09-27,2019-09-27,24.46,25.115,23.38,23.51,54237460.0,,,,,,,,,,,,,,,,,,,,,,,,,,,,,,,,,,,,,,,,,,,,,,,,,,,,,,,,,,,,,,,,,,,,,,
2019-09-30,2019-09-30,23.74,24.21,23.48,24.18,24118716.0,,,,,,,,,,,,,,,,,,,,,,,,,,,,,,,,,,,,,,,,,,,,,,,,,,,,,,,,,,,,,,,,,,,,,,
2019-10-01,2019-10-01,24.79,24.8,23.05,23.13,48062831.0,,,,,,,,,,,,,,,,,,,,,,,,,,,,,,,,,,,,,,,,,,,,,,,,,,,,,,,,,,,,,,,,,,,,,,
2019-10-02,2019-10-02,26.45,26.76,25.47,25.48,84176579.0,,,,,,,,,,,,,,,,,,,,,,,,,,,,,,,,,,,,,,,,,,,,,,,,,,,,,,,,,,,,,,,,,,,,,,
2019-10-03,2019-10-03,25.44,27.1,25.43,26.36,51516387.0,,,,,,,,,,,,,,,,,,,,,,,,,,,,,,,,,,,,,,,,,,,,,,,,,,,,,,,,,,,,,,,,,,,,,,
2019-10-04,2019-10-04,24.09,25.27,24.05,25.25,29824933.0,,,,,,,,,,,,,,,,,,,,,,,,,,,,,,,,,,,,,,,,,,,,,,,,,,,,,,,,,,,,,,,,,,,,,,
2019-10-07,2019-10-07,24.27,24.68,23.76,24.42,29089980.0,,,,,,,,,,,,,,,,,,,,,,,,,,,,,,,,,,,,,,,,,,,,,,,,,,,,,,,,,,,,,,,,,,,,,,
2019-10-08,2019-10-08,26.24,26.27,24.93,25.2,49469482.0,,,,,,,,,,,,,,,,,,,,,,,,,,,,,,,,,,,,,,,,,,,,,,,,,,,,,,,,,,,,,,,,,,,,,,
2019-10-09,2019-10-09,25.36,25.83,24.76,25.45,30012701.0,,,,,,,,,,,,,,,,,,,,,,,,,,,,,,,,,,,,,,,,,,,,,,,,,,,,,,,,,,,,,,,,,,,,,,
2019-10-10,2019-10-10,24.43,25.4,24.355,25.32,34818530.0,,,,,,,,,,,,,,,,,,,,,,,,,,,,,,,,,,,,,,,,,,,,,,,,,,,,,,,,,,,,,,,,,,,,,,
2019-10-11,2019-10-11,23.02,23.82,22.62,23.7,74386222.0,,,,,,,,,,,,,,,,,,,,,,,,,,,,,,,,,,,,,,,,,,,,,,,,,,,,,,,,,,,,,,,,,,,,,,
2019-10-14,2019-10-14,22.27,23.11,22.24,23.09,30104234.0,,,,,,,,,,,,,,,,,,,,,,,,,,,,,,,,,,,,,,,,,,,,,,,,,,,,,,,,,,,,,,,,,,,,,,
2019-10-15,2019-10-15,21.69,21.9,21.36,21.84,46193742.0,,,,,,,,,,,,,,,,,,,,,,,,,,,,,,,,,,,,,,,,,,,,,,,,,,,,,,,,,,,,,,,,,,,,,,
2019-10-16,2019-10-16,21.42,21.88,21.37,21.66,28359123.0,,,,,,,,,,,,,,,,,,,,,,,,,,,,,,,,,,,,,,,,,,,,,,,,,,,,,,,,,,,,,,,,,,,,,,
2019-10-17,2019-10-17,21.29,21.43,20.965,21.21,26156003.0,,,,,,,,,,,,,,,,,,,,,,,,,,,,,,,,,,,,,,,,,,,,,,,,,,,,,,,,,,,,,,,,,,,,,,
2019-10-18,2019-10-18,21.24,21.76,21.03,21.38,32607762.0,,,,,,,,,,,,,,,,,,,,,,,,,,,,,,,,,,,,,,,,,,,,,,,,,,,,,,,,,,,,,,,,,,,,,,
