date,Underlying_date,Underlying_close,Underlying_high,Underlying_low,Underlying_open,Underlying_volume,20.0_close,20.0_high,20.0_low,20.0_open,20.0_volume,21.0_close,21.0_high,21.0_low,21.0_open,21.0_volume,22.0_close,22.0_high,22.0_low,22.0_open,22.0_volume,22.5_close,22.5_high,22.5_low,22.5_open,22.5_volume,23.0_close,23.0_high,23.0_low,23.0_open,23.0_volume,23.5_close,23.5_high,23.5_low,23.5_open,23.5_volume,24.0_close,24.0_high,24.0_low,24.0_open,24.0_volume,24.5_close,24.5_high,24.5_low,24.5_open,24.5_volume,25.0_close,25.0_high,25.0_low,25.0_open,25.0_volume,25.5_close,25.5_high,25.5_low,25.5_open,25.5_volume,26.0_close,26.0_high,26.0_low,26.0_open,26.0_volume,26.5_close,26.5_high,26.5_low,26.5_open,26.5_volume,27.0_close,27.0_high,27.0_low,27.0_open,27.0_volume,27.5_close,27.5_high,27.5_low,27.5_open,27.5_volume,28.0_close,28.0_high,28.0_low,28.0_open,28.0_volume,28.5_close,28.5_high,28.5_low,28.5_open,28.5_volume,29.0_close,29.0_high,29.0_low,29.0_open,29.0_volume,29.5_close,29.5_high,29.5_low,29.5_open,29.5_volume
2019-05-06,2019-05-06,26.86,28.22,26.66,27.96,43610349.0,8.0,8.06,7.6,7.7,43.0,6.6,6.79,6.6,6.79,2.0,5.47,6.14,5.47,6.14,20.0,,,,,,4.4,5.45,4.4,5.45,209.0,,,,,,3.75,4.73,3.75,4.68,44.0,,,,,,3.42,4.55,3.18,4.2,1617.0,,,,,,2.8,3.69,2.74,3.52,1086.0,,,,,,2.39,3.1,2.35,3.1,479.0,,,,,,2.08,2.85,2.0,2.18,3188.0,,,,,,1.74,2.59,1.74,2.59,751.0,,,,,
2019-05-07,2019-05-07,31.33,32.07,28.14,28.41,85493717.0,11.26,11.26,8.28,8.28,180.0,10.15,10.15,9.9,9.9,2.0,,,,,,,,,,,8.36,8.36,5.65,5.65,70.0,,,,,,8.01,8.01,5.45,5.45,129.0,,,,,,5.9,7.55,4.25,4.28,1624.0,,,,,,6.15,6.77,3.65,3.75,642.0,,,,,,4.97,6.13,3.2,3.3,704.0,,,,,,5.01,5.4,1.78,2.5,2661.0,,,,,,4.69,4.79,2.41,2.49,1393.0,,,,,
2019-05-08,2019-05-08,30.71,31.54,29.61,30.99,44684771.0,10.15,10.46,10.15,10.46,2.0,,,,,,8.77,8.77,8.77,8.77,25.0,,,,,,7.6,8.52,7.0,8.52,11.0,,,,,,6.7,7.5,6.6,7.5,32.0,,,,,,6.3,6.91,5.7,6.91,318.0,,,,,,5.2,6.35,5.14,5.8,300.0,,,,,,5.0,5.55,4.35,5.18,57.0,,,,,,4.39,5.0,3.75,4.63,513.0,,,,,,3.95,4.5,3.35,4.1,273.0,,,,,
2019-05-09,2019-05-09,30.55,33.29,30.46,32.4,60451039.0,,,,,,,,,,,9.35,9.35,9.29,9.29,2.0,,,,,,8.18,8.18,8.18,8.18,2.0,,,,,,7.44,9.15,7.43,8.82,62.0,,,,,,6.4,8.51,6.26,7.8,427.0,,,,,,5.62,7.72,5.6,6.9,129.0,,,,,,4.98,7.08,4.91,6.14,152.0,,,,,,4.35,6.3,4.32,5.5,274.0,,,,,,3.9,5.7,3.88,5.1,179.0,,,,,
2019-05-10,2019-05-10,28.19,31.6399,28.19,30.88,60955834.0,9.05,11.0,9.05,10.06,118.0,9.95,9.95,9.95,9.95,1.0,9.14,9.14,8.0,8.0,27.0,,,,,,5.8,6.57,5.65,6.57,43.0,,,,,,5.37,5.95,4.9,5.85,99.0,,,,,,4.15,6.85,4.15,6.0,298.0,,,,,,3.65,6.1,3.65,5.4,439.0,,,,,,3.55,5.45,3.12,4.7,127.0,,,,,,2.72,4.95,2.72,4.3,331.0,,,,,,2.4,4.3,2.37,3.4,264.0,,,,,
2019-05-13,2019-05-13,32.45,32.59,30.82,31.67,60055151.0,12.45,12.55,11.35,11.35,89.0,,,,,,10.51,10.51,9.68,9.68,39.0,,,,,,9.47,9.47,8.73,8.73,11.0,,,,,,8.75,8.75,7.87,7.87,25.0,,,,,,6.95,7.5,6.55,7.06,385.0,,,,,,6.23,7.15,5.95,5.95,63.0,,,,,,6.2,6.2,5.08,5.45,64.0,,,,,,5.65,5.68,4.65,4.91,184.0,,,,,,4.95,5.1,3.9,4.29,164.0,,,,,
2019-05-14,2019-05-14,30.65,31.44,30.23,31.24,36854411.0,10.65,11.11,10.4,11.02,125.0,,,,,,,,,,,,,,,,7.47,7.47,7.47,7.47,2.0,,,,,,6.6,7.3,6.6,7.3,35.0,,,,,,5.9,6.8,5.9,6.45,72.0,,,,,,5.1,5.8,5.1,5.7,20.0,,,,,,4.49,5.25,4.45,5.05,24.0,,,,,,4.08,4.7,3.87,4.5,399.0,,,,,,3.55,3.95,3.4,3.75,115.0,,,,,
2019-05-15,2019-05-15,29.36,31.7179,29.27,31.5,32088264.0,9.55,11.43,9.55,11.4,31.0,,,,,,,,,,,,,,,,7.34,7.34,7.34,7.34,1.0,,,,,,6.3,7.55,6.3,7.55,9.0,,,,,,5.02,5.85,5.02,5.85,76.0,,,,,,4.38,5.75,4.35,5.75,30.0,,,,,,3.75,4.4,3.74,4.4,96.0,,,,,,3.3,4.8,3.28,4.5,43.0,,,,,,2.77,4.2,2.76,4.2,311.0,,,,,
2019-05-16,2019-05-16,28.1,29.1499,27.91,29.13,31128917.0,8.14,8.5,8.1,8.5,1033.0,,,,,,,,,,,,,,,,5.47,5.59,5.4,5.4,7.0,,,,,,4.64,4.64,4.55,4.6,7.0,,,,,,3.95,4.52,3.92,4.52,58.0,,,,,,3.34,3.57,3.33,3.57,63.0,,,,,,2.89,3.31,2.75,3.31,794.0,,,,,,2.49,2.8,2.36,2.8,1036.0,,,,,,2.16,4.56,2.03,4.56,476.0,,,,,
2019-05-17,2019-05-17,28.52,29.26,27.73,29.24,43742319.0,8.4,8.4,7.85,7.85,32.0,,,,,,6.1,6.17,6.1,6.17,2.0,,,,,,5.35,5.75,5.29,5.5,58.0,,,,,,4.8,5.3,4.35,5.3,218.0,,,,,,4.3,4.55,3.75,4.5,276.0,,,,,,3.58,3.85,3.23,3.85,192.0,,,,,,3.17,3.64,2.72,3.48,365.0,,,,,,2.62,3.41,2.3,3.41,2040.0,,,,,,2.24,2.74,1.99,2.74,751.0,,,,,
2019-05-20,2019-05-20,28.94,29.8,28.4,29.31,32737337.0,8.8,9.7,8.8,9.3,34.0,,,,,,,,,,,,,,,,,,,,,,,,,,5.15,5.64,5.15,5.64,6.0,,,,,,4.45,5.25,4.11,5.25,164.0,4.2,4.2,4.2,4.2,36.0,3.75,4.55,3.65,4.25,37.0,,,,,,3.32,4.0,3.0,3.64,488.0,3.15,3.15,2.92,2.92,7.0,2.8,3.37,2.55,2.99,521.0,2.44,2.96,2.4,2.96,215.0,2.38,2.95,2.2,2.74,3858.0,2.3,2.57,2.1,2.54,230.0
2019-05-21,2019-05-21,27.48,28.02,27.39,28.0,23455232.0,7.7,7.84,7.7,7.84,10.0,6.85,6.85,6.85,6.85,10.0,5.96,5.96,5.96,5.96,2.0,,,,,,5.03,5.03,5.03,5.03,3.0,4.6,4.6,4.6,4.6,4.0,4.0,4.35,4.0,4.35,12.0,3.84,4.05,3.8,4.05,25.0,3.35,3.71,3.3,3.67,68.0,,,,,,2.73,3.05,2.73,3.05,103.0,2.48,2.56,2.48,2.55,8.0,2.27,2.63,2.25,2.58,1236.0,2.13,2.4,2.07,2.4,268.0,1.88,2.24,1.88,2.24,818.0,1.75,2.07,1.75,2.07,72.0,1.6,1.98,1.6,1.92,497.0,1.45,1.64,1.44,1.64,10.0
2019-05-22,2019-05-22,27.22,27.69,26.93,27.6,28075437.0,7.2,7.2,7.2,7.2,10.0,6.6,6.6,6.43,6.43,11.0,,,,,,,,,,,4.3,4.3,4.3,4.3,1.0,,,,,,3.61,4.13,3.5,3.92,33.0,3.55,3.55,3.52,3.52,10.0,3.04,3.4,2.9,3.19,74.0,2.83,2.99,2.83,2.97,134.0,2.53,2.85,2.39,2.79,262.0,2.27,2.57,2.27,2.45,122.0,2.07,2.41,1.99,2.26,427.0,1.9,2.19,1.84,2.01,118.0,1.74,2.0,1.63,1.87,192.0,1.56,1.85,1.47,1.72,287.0,1.37,1.65,1.36,1.59,3685.0,1.32,1.51,1.27,1.5,27.0
2019-05-23,2019-05-23,29.02,29.5,28.25,28.25,42745667.0,8.75,8.85,8.6,8.6,30.0,7.8,8.05,7.45,8.05,6.0,,,,,,,,,,,,,,,,,,,,,5.59,5.59,4.71,4.85,14.0,5.0,5.0,4.95,4.95,36.0,4.35,4.6,3.97,4.01,273.0,4.1,4.1,3.9,3.9,19.0,3.68,4.05,2.98,2.98,147.0,3.58,3.58,3.37,3.37,2.0,3.2,3.5,2.59,2.59,3222.0,3.19,3.19,2.52,2.61,1150.0,2.73,3.0,2.26,2.37,703.0,2.71,2.74,2.08,2.15,1924.0,2.29,2.58,1.93,1.93,6420.0,2.39,2.4,1.81,1.81,1154.0
2019-05-24,2019-05-24,28.42,28.8,27.88,28.17,24589353.0,8.35,8.35,7.9,8.35,14.0,,,,,,,,,,,,,,,,5.39,5.39,5.39,5.39,21.0,,,,,,4.5,4.51,4.4,4.4,25.0,4.05,4.05,4.05,4.05,43.0,3.85,3.85,3.65,3.72,86.0,,,,,,3.12,3.31,3.0,3.0,12.0,2.8,2.97,2.8,2.81,49.0,2.57,2.9,2.44,2.6,322.0,2.22,2.34,2.22,2.34,7.0,2.14,2.41,2.03,2.2,504.0,1.99,2.23,1.86,1.96,427.0,1.72,2.06,1.69,1.79,533.0,1.63,1.9,1.54,1.65,129.0
2019-05-28,2019-05-28,29.27,29.27,27.76,28.22,22138340.0,8.22,8.22,8.22,8.22,4.0,,,,,,,,,,,,,,,,6.1,6.12,4.95,4.95,433.0,5.21,5.22,5.2,5.2,4.0,5.2,5.2,4.14,4.18,111.0,,,,,,4.45,4.45,3.4,3.4,8.0,,,,,,3.64,3.64,2.78,2.83,74.0,3.1,3.1,2.54,2.67,23.0,3.05,3.05,2.26,2.4,156.0,2.87,2.87,2.03,2.03,50.0,2.59,2.68,1.81,1.84,1153.0,2.32,2.37,1.64,1.72,574.0,2.22,2.22,1.5,1.56,624.0,2.04,2.04,1.42,1.43,154.0
2019-05-29,2019-05-29,29.84,30.3701,29.32,29.89,33021038.0,10.2,10.2,9.65,9.95,8.0,,,,,,7.51,7.51,7.48,7.48,2.0,7.5,7.5,7.0,7.0,6.0,6.98,7.07,6.98,7.07,25.0,,,,,,5.85,6.15,5.85,6.15,4.0,,,,,,5.0,5.5,5.0,5.05,66.0,4.55,4.83,4.55,4.83,48.0,4.4,4.7,4.04,4.15,35.0,4.1,4.1,3.58,4.05,24.0,3.62,3.95,3.38,3.74,193.0,2.97,2.97,2.97,2.97,1.0,2.92,3.35,2.67,3.13,467.0,2.76,3.1,2.46,3.03,568.0,2.38,2.83,2.21,2.48,767.0,2.25,2.5,2.09,2.4,773.0
2019-05-30,2019-05-30,29.31,29.88,28.845,29.11,20277162.0,9.45,9.45,8.9,9.2,38.0,8.3,8.4,8.3,8.4,2.0,7.1,7.45,7.1,7.45,10.0,,,,,,6.33,6.33,6.29,6.29,3.0,,,,,,5.8,5.8,5.3,5.55,23.0,,,,,,4.58,4.58,4.2,4.2,2.0,4.6,4.6,4.6,4.6,4.0,4.0,4.0,3.74,3.74,7.0,,,,,,3.37,3.37,2.79,2.92,110.0,3.15,3.15,2.75,2.92,36.0,2.85,2.85,2.27,2.57,49.0,2.5,2.5,2.06,2.25,173.0,2.12,2.37,1.87,2.02,303.0,2.1,2.18,1.77,1.8,1569.0
2019-05-31,2019-05-31,30.42,30.89,29.905,30.73,28925166.0,10.59,10.59,10.59,10.59,30.0,9.65,9.65,9.65,9.65,2.0,,,,,,,,,,,7.3,7.72,7.3,7.72,75.0,,,,,,6.3,6.68,6.3,6.68,125.0,5.92,5.92,5.9,5.9,341.0,5.65,5.9,5.29,5.87,115.0,5.0,5.3,5.0,5.3,10.0,4.82,5.09,4.45,5.0,98.0,4.17,4.17,4.17,4.17,1.0,4.0,4.32,3.62,4.0,471.0,3.68,3.68,3.68,3.68,1.0,3.44,3.6,3.03,3.51,119.0,2.99,3.27,2.72,3.09,112.0,2.86,3.1,2.47,2.87,660.0,2.52,2.8,2.36,2.7,1036.0
2019-06-03,2019-06-03,30.73,31.41,29.8199,30.4,29037266.0,11.3,11.3,10.53,10.53,36.0,,,,,,,,,,,,,,,,,,,,,,,,,,7.1,7.3,7.1,7.3,10.0,,,,,,6.2,6.2,5.08,5.08,111.0,4.77,4.77,4.77,4.77,5.0,5.41,5.5,4.35,4.35,77.0,4.8,5.0,3.75,4.15,207.0,4.59,4.69,3.42,3.55,538.0,4.05,4.2,3.15,3.35,14.0,3.4,3.99,2.8,3.04,432.0,3.4,3.4,2.5,3.1,164.0,3.05,3.27,2.32,2.39,246.0,2.55,2.98,2.02,2.12,297.0
2019-06-04,2019-06-04,29.02,30.24,29.0,29.81,24171477.0,9.68,9.77,9.67,9.77,184.0,,,,,,7.27,7.27,7.27,7.27,2.0,,,,,,,,,,,,,,,,5.1,5.99,5.1,5.99,16.0,4.9,4.9,4.9,4.9,11.0,4.31,4.94,4.3,4.94,64.0,,,,,,3.45,4.25,3.45,4.25,52.0,2.93,4.0,2.93,4.0,91.0,2.63,3.55,2.6,3.38,176.0,2.31,2.99,2.3,2.99,185.0,2.04,2.94,2.03,2.8,349.0,2.09,2.21,2.05,2.21,14.0,1.59,2.32,1.59,2.25,264.0,1.42,2.05,1.4,2.05,137.0
2019-06-05,2019-06-05,28.46,29.33,28.31,28.65,23479972.0,8.95,9.15,8.95,9.15,11.0,,,,,,,,,,,,,,,,5.55,5.55,5.55,5.55,10.0,,,,,,4.65,5.05,4.65,5.05,30.0,4.8,4.8,4.8,4.8,6.0,3.8,4.25,3.8,4.25,24.0,3.3,3.7,3.3,3.7,12.0,2.76,3.5,2.76,3.3,220.0,2.38,3.0,2.38,2.91,227.0,2.09,2.7,2.08,2.35,423.0,1.9,2.4,1.9,2.13,385.0,1.5,2.21,1.5,1.8,8908.0,1.34,1.9,1.34,1.81,299.0,1.21,1.72,1.19,1.44,9250.0,1.15,1.53,1.12,1.12,314.0
2019-06-06,2019-06-06,27.85,28.55,27.77,28.24,18497198.0,8.45,8.45,8.45,8.45,10.0,,,,,,,,,,,,,,,,,,,,,,,,,,4.1,4.15,4.04,4.15,59.0,3.7,3.7,3.7,3.7,10.0,3.05,3.25,3.02,3.25,29.0,2.59,2.92,2.59,2.8,269.0,2.38,2.78,2.31,2.74,219.0,2.03,2.44,2.03,2.35,53.0,1.69,2.11,1.66,1.97,154.0,1.63,1.86,1.62,1.71,55.0,1.25,1.65,1.23,1.5,909.0,1.05,1.42,1.05,1.3,643.0,0.96,1.21,0.91,1.17,3867.0,0.82,1.07,0.82,1.07,36.0
2019-06-07,2019-06-07,28.06,28.1615,27.6,27.77,23326873.0,7.92,7.92,7.92,7.92,10.0,,,,,,,,,,,,,,,,4.9,4.9,4.9,4.9,8.0,4.56,4.56,4.3,4.3,24.0,3.95,3.95,3.8,3.8,6.0,3.53,3.6,3.53,3.6,20.0,3.2,3.25,2.94,3.0,56.0,2.66,2.69,2.43,2.61,94.0,2.34,2.4,2.09,2.25,2271.0,1.88,2.04,1.82,1.93,116.0,1.72,1.75,1.54,1.69,296.0,1.46,1.5,1.32,1.41,2232.0,1.36,1.36,1.11,1.18,5322.0,1.13,1.16,0.95,1.04,165.0,1.05,1.05,0.81,0.9,1200.0,0.85,0.87,0.77,0.8,200.0
2019-06-10,2019-06-10,27.86,28.24,27.61,27.71,14480560.0,,,,,,,,,,,,,,,,,,,,,4.9,5.2,4.7,4.7,135.0,4.6,4.6,4.6,4.6,11.0,4.1,4.1,3.65,3.65,72.0,3.45,3.45,3.45,3.45,4.0,2.85,3.15,2.74,2.82,90.0,2.51,2.73,2.36,2.36,47.0,2.15,2.34,2.0,2.05,530.0,1.8,1.98,1.69,1.7,200.0,1.54,1.71,1.43,1.5,566.0,1.29,1.46,1.19,1.25,352.0,1.06,1.24,1.0,1.08,1226.0,0.91,1.06,0.85,0.9,455.0,0.79,0.89,0.71,0.8,758.0,0.75,0.75,0.62,0.68,47.0
2019-06-11,2019-06-11,27.91,28.3,27.3,27.4,18841531.0,,,,,,,,,,,5.54,5.54,5.54,5.54,1.0,5.05,5.05,5.05,5.05,1.0,,,,,,4.45,4.7,4.0,4.0,29.0,3.61,3.66,3.61,3.66,33.0,,,,,,2.98,3.18,2.52,2.7,147.0,2.52,2.73,2.16,2.16,27.0,2.13,2.46,1.82,1.86,586.0,1.82,2.02,1.49,1.54,229.0,1.52,1.76,1.18,1.19,726.0,1.21,1.47,0.96,0.96,471.0,1.0,1.25,0.8,0.87,8230.0,0.82,1.05,0.69,0.69,768.0,0.72,0.88,0.58,0.68,1076.0,0.59,0.74,0.57,0.61,2664.0
2019-06-12,2019-06-12,27.78,28.3,27.66,28.11,14225241.0,,,,,,,,,,,,,,,,,,,,,5.14,5.14,5.14,5.14,3.0,,,,,,3.8,4.15,3.8,4.03,202.0,,,,,,2.75,3.17,2.75,3.17,138.0,2.38,2.6,2.34,2.6,28.0,2.01,2.31,1.95,2.31,188.0,1.59,1.92,1.56,1.92,133.0,1.29,1.59,1.22,1.59,480.0,1.0,1.41,0.99,1.38,557.0,0.84,1.2,0.77,1.09,3838.0,0.66,0.99,0.64,0.92,457.0,0.5,0.82,0.5,0.72,2190.0,0.43,0.68,0.43,0.68,77.0
2019-06-13,2019-06-13,27.61,27.905,27.33,27.45,17051858.0,,,,,,,,,,,,,,,,4.95,4.95,4.95,4.95,9.0,,,,,,4.2,4.2,4.2,4.2,22.0,3.77,3.77,3.45,3.45,152.0,3.15,3.2,2.91,2.95,149.0,2.7,2.89,2.41,2.5,158.0,2.43,2.43,2.0,2.05,99.0,1.99,1.99,1.6,1.68,226.0,1.5,1.58,1.28,1.35,257.0,1.15,1.3,0.98,1.03,585.0,0.86,1.01,0.75,0.85,973.0,0.63,0.79,0.58,0.7,2053.0,0.51,0.61,0.47,0.52,2212.0,0.42,0.49,0.37,0.45,1859.0,0.34,0.4,0.3,0.38,521.0
2019-06-14,2019-06-14,27.32,28.06,27.28,27.8,13682989.0,7.92,7.92,7.91,7.92,119.0,,,,,,5.6,5.6,5.6,5.6,1.0,5.1,5.1,5.1,5.1,1.0,4.95,4.95,4.95,4.95,15.0,3.83,4.45,3.83,4.45,9.0,3.67,3.95,3.67,3.93,91.0,2.84,3.3,2.84,3.3,6.0,2.39,3.0,2.39,2.85,127.0,1.89,2.38,1.89,2.38,87.0,1.45,2.07,1.45,2.07,114.0,1.12,1.69,1.1,1.69,873.0,0.81,1.34,0.81,1.18,1925.0,0.61,1.06,0.6,0.93,5595.0,0.45,0.83,0.45,0.74,17453.0,0.37,0.65,0.33,0.55,940.0,0.25,0.51,0.25,0.46,2806.0,0.22,0.41,0.22,0.38,706.0
2019-06-17,2019-06-17,27.03,27.36,26.8815,27.29,14470210.0,,,,,,6.03,6.03,6.03,6.03,1.0,5.15,5.15,5.15,5.15,6.0,4.75,4.75,4.75,4.75,21.0,4.2,4.35,4.2,4.35,24.0,3.7,3.7,3.7,3.7,16.0,3.2,3.2,2.91,3.2,90.0,2.69,2.83,2.47,2.76,135.0,2.03,2.37,1.93,2.37,346.0,1.66,1.86,1.47,1.86,474.0,1.12,1.45,1.09,1.45,1179.0,0.91,1.06,0.76,1.06,1417.0,0.65,0.83,0.53,0.83,2715.0,0.4,0.6,0.39,0.6,3038.0,0.33,0.45,0.28,0.42,4674.0,0.26,0.36,0.21,0.36,1849.0,0.19,0.27,0.15,0.27,3029.0,0.15,0.2,0.13,0.2,942.0
2019-06-18,2019-06-18,26.82,26.98,26.35,26.54,24889651.0,,,,,,5.55,5.55,5.55,5.55,16.0,4.4,4.42,4.4,4.42,4.0,4.45,4.45,4.45,4.45,8.0,3.95,3.95,3.45,3.48,123.0,2.99,3.05,2.95,3.05,112.0,2.85,2.98,2.43,2.71,88.0,2.3,2.37,2.07,2.07,67.0,1.95,2.02,1.48,1.81,747.0,1.5,1.57,1.11,1.25,443.0,1.12,1.21,0.77,1.13,853.0,0.74,0.86,0.54,0.67,1035.0,0.59,0.65,0.4,0.42,2368.0,0.37,0.47,0.26,0.36,3797.0,0.3,0.35,0.19,0.29,7364.0,0.23,0.26,0.14,0.2,2804.0,0.18,0.21,0.1,0.16,1954.0,0.13,0.15,0.1,0.11,3873.0
2019-06-19,2019-06-19,25.93,26.93,25.88,26.65,29671248.0,6.8,6.8,6.8,6.8,1.0,5.1,5.17,5.1,5.17,56.0,4.7,4.72,4.7,4.72,3.0,,,,,,3.08,3.67,3.07,3.67,69.0,2.43,3.15,2.43,3.15,42.0,1.91,2.8,1.91,2.63,295.0,1.59,2.31,1.59,2.14,50.0,0.95,1.9,0.95,1.66,811.0,0.61,1.5,0.61,1.5,900.0,0.4,2.91,0.39,1.01,4645.0,0.25,0.78,0.25,0.65,3960.0,0.17,0.65,0.16,0.48,5734.0,0.12,0.42,0.11,0.35,4735.0,0.09,0.35,0.08,0.28,5412.0,0.06,0.27,0.06,0.27,2577.0,0.05,0.22,0.05,0.22,7902.0,0.04,0.14,0.03,0.1,1475.0
2019-06-20,2019-06-20,26.01,26.82,25.26,25.46,34444193.0,,,,,,4.53,4.53,4.53,4.53,9.0,3.8,3.8,3.8,3.8,5.0,3.28,3.5,2.82,2.82,47.0,2.77,3.45,2.36,2.36,127.0,2.53,2.96,1.83,1.83,296.0,2.05,2.55,1.35,1.48,720.0,1.33,2.32,0.91,1.0,345.0,1.15,1.82,0.53,0.7,1437.0,0.64,1.43,0.3,0.36,3716.0,0.38,1.01,0.18,0.25,16160.0,0.24,0.76,0.11,0.15,5577.0,0.13,4.95,0.07,4.95,15650.0,0.1,0.38,0.05,0.05,8470.0,0.06,4.9,0.03,4.9,8841.0,0.05,0.17,0.02,0.02,1848.0,0.04,0.13,0.02,0.03,1167.0,0.04,0.11,0.01,0.03,408.0
2019-06-21,2019-06-21,26.62,26.81,25.885,26.2,19740690.0,6.0,6.0,6.0,6.0,5.0,5.01,5.01,5.01,5.01,11.0,4.0,4.0,4.0,4.0,19.0,3.58,3.58,3.53,3.53,5.0,3.7,3.7,2.95,2.95,126.0,2.56,2.66,2.42,2.66,57.0,2.48,2.48,2.0,2.16,157.0,2.2,2.2,1.49,1.49,363.0,1.4,1.69,0.93,1.22,631.0,1.15,1.21,0.45,0.85,1252.0,0.64,0.75,0.12,0.43,9768.0,0.16,0.27,0.01,0.23,11834.0,0.01,0.14,0.01,0.11,3530.0,0.01,0.07,0.01,0.07,2643.0,0.01,0.06,0.01,0.06,897.0,0.01,0.04,0.01,0.04,200.0,0.01,0.03,0.01,0.02,248.0,0.01,0.02,0.01,0.02,62.0
2019-06-24,2019-06-24,26.38,26.52,26.14,26.45,12634966.0,,,,,,,,,,,,,,,,,,,,,,,,,,,,,,,,,,,,,,,,,,,,,,,,,,,,,,,,,,,,,,,,,,,,,,,,,,,,,,,,,,,,,,,,,,
2019-06-25,2019-06-25,27.05,27.181,26.37,26.4,17296855.0,,,,,,,,,,,,,,,,,,,,,,,,,,,,,,,,,,,,,,,,,,,,,,,,,,,,,,,,,,,,,,,,,,,,,,,,,,,,,,,,,,,,,,,,,,
2019-06-26,2019-06-26,26.84,27.05,26.39,26.52,13586640.0,,,,,,,,,,,,,,,,,,,,,,,,,,,,,,,,,,,,,,,,,,,,,,,,,,,,,,,,,,,,,,,,,,,,,,,,,,,,,,,,,,,,,,,,,,
2019-06-27,2019-06-27,26.42,26.795,26.2,26.65,14890831.0,,,,,,,,,,,,,,,,,,,,,,,,,,,,,,,,,,,,,,,,,,,,,,,,,,,,,,,,,,,,,,,,,,,,,,,,,,,,,,,,,,,,,,,,,,
2019-06-28,2019-06-28,26.0,26.3,25.87,26.13,17624656.0,,,,,,,,,,,,,,,,,,,,,,,,,,,,,,,,,,,,,,,,,,,,,,,,,,,,,,,,,,,,,,,,,,,,,,,,,,,,,,,,,,,,,,,,,,
2019-07-01,2019-07-01,24.56,25.08,24.46,24.55,30302465.0,,,,,,,,,,,,,,,,,,,,,,,,,,,,,,,,,,,,,,,,,,,,,,,,,,,,,,,,,,,,,,,,,,,,,,,,,,,,,,,,,,,,,,,,,,
2019-07-02,2019-07-02,23.65,24.6,23.61,24.6,26022509.0,,,,,,,,,,,,,,,,,,,,,,,,,,,,,,,,,,,,,,,,,,,,,,,,,,,,,,,,,,,,,,,,,,,,,,,,,,,,,,,,,,,,,,,,,,
2019-07-03,2019-07-03,23.51,23.88,23.42,23.67,15809303.0,,,,,,,,,,,,,,,,,,,,,,,,,,,,,,,,,,,,,,,,,,,,,,,,,,,,,,,,,,,,,,,,,,,,,,,,,,,,,,,,,,,,,,,,,,
2019-07-05,2019-07-05,23.58,24.71,23.5,24.01,24124885.0,,,,,,,,,,,,,,,,,,,,,,,,,,,,,,,,,,,,,,,,,,,,,,,,,,,,,,,,,,,,,,,,,,,,,,,,,,,,,,,,,,,,,,,,,,
2019-07-08,2019-07-08,24.23,24.47,23.9,24.12,18014371.0,,,,,,,,,,,,,,,,,,,,,,,,,,,,,,,,,,,,,,,,,,,,,,,,,,,,,,,,,,,,,,,,,,,,,,,,,,,,,,,,,,,,,,,,,,
2019-07-09,2019-07-09,24.3,24.96,24.22,24.96,15024150.0,,,,,,,,,,,,,,,,,,,,,,,,,,,,,,,,,,,,,,,,,,,,,,,,,,,,,,,,,,,,,,,,,,,,,,,,,,,,,,,,,,,,,,,,,,
2019-07-10,2019-07-10,23.56,23.9869,23.495,23.98,19868046.0,,,,,,,,,,,,,,,,,,,,,,,,,,,,,,,,,,,,,,,,,,,,,,,,,,,,,,,,,,,,,,,,,,,,,,,,,,,,,,,,,,,,,,,,,,
2019-07-11,2019-07-11,23.17,23.6,23.025,23.23,21061186.0,,,,,,,,,,,,,,,,,,,,,,,,,,,,,,,,,,,,,,,,,,,,,,,,,,,,,,,,,,,,,,,,,,,,,,,,,,,,,,,,,,,,,,,,,,
2019-07-12,2019-07-12,22.8,23.19,22.75,23.01,18425836.0,,,,,,,,,,,,,,,,,,,,,,,,,,,,,,,,,,,,,,,,,,,,,,,,,,,,,,,,,,,,,,,,,,,,,,,,,,,,,,,,,,,,,,,,,,
2019-07-15,2019-07-15,22.71,22.93,22.58,22.69,15945412.0,,,,,,,,,,,,,,,,,,,,,,,,,,,,,,,,,,,,,,,,,,,,,,,,,,,,,,,,,,,,,,,,,,,,,,,,,,,,,,,,,,,,,,,,,,
2019-07-16,2019-07-16,22.78,22.9,22.29,22.6,25415471.0,,,,,,,,,,,,,,,,,,,,,,,,,,,,,,,,,,,,,,,,,,,,,,,,,,,,,,,,,,,,,,,,,,,,,,,,,,,,,,,,,,,,,,,,,,
2019-07-17,2019-07-17,23.36,23.36,22.44,22.58,29056917.0,,,,,,,,,,,,,,,,,,,,,,,,,,,,,,,,,,,,,,,,,,,,,,,,,,,,,,,,,,,,,,,,,,,,,,,,,,,,,,,,,,,,,,,,,,
2019-07-18,2019-07-18,23.115,23.715,22.71,23.34,27076320.0,,,,,,,,,,,,,,,,,,,,,,,,,,,,,,,,,,,,,,,,,,,,,,,,,,,,,,,,,,,,,,,,,,,,,,,,,,,,,,,,,,,,,,,,,,
2019-07-19,2019-07-19,23.38,23.43,22.59,22.67,26220800.0,,,,,,,,,,,,,,,,,,,,,,,,,,,,,,,,,,,,,,,,,,,,,,,,,,,,,,,,,,,,,,,,,,,,,,,,,,,,,,,,,,,,,,,,,,
2019-07-22,2019-07-22,22.91,23.48,22.74,23.35,21908515.0,,,,,,,,,,,,,,,,,,,,,,,,,,,,,,,,,,,,,,,,,,,,,,,,,,,,,,,,,,,,,,,,,,,,,,,,,,,,,,,,,,,,,,,,,,
2019-07-23,2019-07-23,22.1,22.88,22.08,22.51,18943361.0,,,,,,,,,,,,,,,,,,,,,,,,,,,,,,,,,,,,,,,,,,,,,,,,,,,,,,,,,,,,,,,,,,,,,,,,,,,,,,,,,,,,,,,,,,
2019-07-24,2019-07-24,21.54,22.37,21.41,22.34,18825276.0,,,,,,,,,,,,,,,,,,,,,,,,,,,,,,,,,,,,,,,,,,,,,,,,,,,,,,,,,,,,,,,,,,,,,,,,,,,,,,,,,,,,,,,,,,
2019-07-25,2019-07-25,22.2,22.6,21.66,21.66,29862313.0,,,,,,,,,,,,,,,,,,,,,,,,,,,,,,,,,,,,,,,,,,,,,,,,,,,,,,,,,,,,,,,,,,,,,,,,,,,,,,,,,,,,,,,,,,
2019-07-26,2019-07-26,21.64,21.83,21.46,21.79,18901474.0,,,,,,,,,,,,,,,,,,,,,,,,,,,,,,,,,,,,,,,,,,,,,,,,,,,,,,,,,,,,,,,,,,,,,,,,,,,,,,,,,,,,,,,,,,
2019-07-29,2019-07-29,21.83,22.0,21.59,21.69,16615858.0,,,,,,,,,,,,,,,,,,,,,,,,,,,,,,,,,,,,,,,,,,,,,,,,,,,,,,,,,,,,,,,,,,,,,,,,,,,,,,,,,,,,,,,,,,
2019-07-30,2019-07-30,22.34,22.47,21.94,22.26,23460651.0,,,,,,,,,,,,,,,,,,,,,,,,,,,,,,,,,,,,,,,,,,,,,,,,,,,,,,,,,,,,,,,,,,,,,,,,,,,,,,,,,,,,,,,,,,
2019-07-31,2019-07-31,23.59,24.34,21.93,22.31,53038065.0,,,,,,,,,,,,,,,,,,,,,,,,,,,,,,,,,,,,,,,,,,,,,,,,,,,,,,,,,,,,,,,,,,,,,,,,,,,,,,,,,,,,,,,,,,
2019-08-01,2019-08-01,25.45,26.14,22.555,23.64,109087195.0,,,,,,,,,,,,,,,,,,,,,,,,,,,,,,,,,,,,,,,,,,,,,,,,,,,,,,,,,,,,,,,,,,,,,,,,,,,,,,,,,,,,,,,,,,
2019-08-02,2019-08-02,25.66,26.69,25.27,25.5,71310504.0,,,,,,,,,,,,,,,,,,,,,,,,,,,,,,,,,,,,,,,,,,,,,,,,,,,,,,,,,,,,,,,,,,,,,,,,,,,,,,,,,,,,,,,,,,
2019-08-05,2019-08-05,29.3,29.625,27.28,27.47,86663392.0,,,,,,,,,,,,,,,,,,,,,,,,,,,,,,,,,,,,,,,,,,,,,,,,,,,,,,,,,,,,,,,,,,,,,,,,,,,,,,,,,,,,,,,,,,
2019-08-06,2019-08-06,27.48,29.67,27.48,28.22,59849382.0,,,,,,,,,,,,,,,,,,,,,,,,,,,,,,,,,,,,,,,,,,,,,,,,,,,,,,,,,,,,,,,,,,,,,,,,,,,,,,,,,,,,,,,,,,
2019-08-07,2019-08-07,27.62,30.09,27.48,29.44,54533993.0,,,,,,,,,,,,,,,,,,,,,,,,,,,,,,,,,,,,,,,,,,,,,,,,,,,,,,,,,,,,,,,,,,,,,,,,,,,,,,,,,,,,,,,,,,
2019-08-08,2019-08-08,25.98,27.41,25.87,27.06,34369131.0,,,,,,,,,,,,,,,,,,,,,,,,,,,,,,,,,,,,,,,,,,,,,,,,,,,,,,,,,,,,,,,,,,,,,,,,,,,,,,,,,,,,,,,,,,
2019-08-09,2019-08-09,26.93,27.465,26.18,26.43,38298114.0,,,,,,,,,,,,,,,,,,,,,,,,,,,,,,,,,,,,,,,,,,,,,,,,,,,,,,,,,,,,,,,,,,,,,,,,,,,,,,,,,,,,,,,,,,
2019-08-12,2019-08-12,28.89,28.99,27.25,27.35,28752436.0,,,,,,,,,,,,,,,,,,,,,,,,,,,,,,,,,,,,,,,,,,,,,,,,,,,,,,,,,,,,,,,,,,,,,,,,,,,,,,,,,,,,,,,,,,
2019-08-13,2019-08-13,26.76,29.4,26.71,29.35,41956617.0,,,,,,,,,,,,,,,,,,,,,,,,,,,,,,,,,,,,,,,,,,,,,,,,,,,,,,,,,,,,,,,,,,,,,,,,,,,,,,,,,,,,,,,,,,
2019-08-14,2019-08-14,30.465,30.5,28.07,28.59,67110934.0,,,,,,,,,,,,,,,,,,,,,,,,,,,,,,,,,,,,,,,,,,,,,,,,,,,,,,,,,,,,,,,,,,,,,,,,,,,,,,,,,,,,,,,,,,
2019-08-15,2019-08-15,29.67,31.0,29.3715,29.72,39376746.0,,,,,,,,,,,,,,,,,,,,,,,,,,,,,,,,,,,,,,,,,,,,,,,,,,,,,,,,,,,,,,,,,,,,,,,,,,,,,,,,,,,,,,,,,,
2019-08-16,2019-08-16,28.03,29.14,27.96,29.09,27556919.0,,,,,,,,,,,,,,,,,,,,,,,,,,,,,,,,,,,,,,,,,,,,,,,,,,,,,,,,,,,,,,,,,,,,,,,,,,,,,,,,,,,,,,,,,,
2019-08-19,2019-08-19,25.98,26.9965,25.88,26.85,28490840.0,,,,,,,,,,,,,,,,,,,,,,,,,,,,,,,,,,,,,,,,,,,,,,,,,,,,,,,,,,,,,,,,,,,,,,,,,,,,,,,,,,,,,,,,,,
2019-08-20,2019-08-20,26.6,26.79,26.01,26.26,27521918.0,,,,,,,,,,,,,,,,,,,,,,,,,,,,,,,,,,,,,,,,,,,,,,,,,,,,,,,,,,,,,,,,,,,,,,,,,,,,,,,,,,,,,,,,,,
2019-08-21,2019-08-21,25.3,25.73,25.25,25.53,28577472.0,,,,,,,,,,,,,,,,,,,,,,,,,,,,,,,,,,,,,,,,,,,,,,,,,,,,,,,,,,,,,,,,,,,,,,,,,,,,,,,,,,,,,,,,,,
2019-08-22,2019-08-22,25.75,26.4599,25.075,25.09,31157200.0,,,,,,,,,,,,,,,,,,,,,,,,,,,,,,,,,,,,,,,,,,,,,,,,,,,,,,,,,,,,,,,,,,,,,,,,,,,,,,,,,,,,,,,,,,
2019-08-23,2019-08-23,28.96,29.46,25.46,26.63,78293234.0,,,,,,,,,,,,,,,,,,,,,,,,,,,,,,,,,,,,,,,,,,,,,,,,,,,,,,,,,,,,,,,,,,,,,,,,,,,,,,,,,,,,,,,,,,
2019-08-26,2019-08-26,28.1,28.97,27.44,27.53,32372753.0,,,,,,,,,,,,,,,,,,,,,,,,,,,,,,,,,,,,,,,,,,,,,,,,,,,,,,,,,,,,,,,,,,,,,,,,,,,,,,,,,,,,,,,,,,
2019-08-27,2019-08-27,28.67,29.39,27.54,27.63,26681523.0,,,,,,,,,,,,,,,,,,,,,,,,,,,,,,,,,,,,,,,,,,,,,,,,,,,,,,,,,,,,,,,,,,,,,,,,,,,,,,,,,,,,,,,,,,
2019-08-28,2019-08-28,28.02,29.75,28.0,29.33,28005357.0,,,,,,,,,,,,,,,,,,,,,,,,,,,,,,,,,,,,,,,,,,,,,,,,,,,,,,,,,,,,,,,,,,,,,,,,,,,,,,,,,,,,,,,,,,
2019-08-29,2019-08-29,26.85,27.44,26.58,27.18,28752821.0,,,,,,,,,,,,,,,,,,,,,,,,,,,,,,,,,,,,,,,,,,,,,,,,,,,,,,,,,,,,,,,,,,,,,,,,,,,,,,,,,,,,,,,,,,
2019-08-30,2019-08-30,27.0,27.64,26.3,26.3,28129769.0,,,,,,,,,,,,,,,,,,,,,,,,,,,,,,,,,,,,,,,,,,,,,,,,,,,,,,,,,,,,,,,,,,,,,,,,,,,,,,,,,,,,,,,,,,
2019-09-03,2019-09-03,28.19,28.45,27.52,28.0,36077100.0,,,,,,,,,,,,,,,,,,,,,,,,,,,,,,,,,,,,,,,,,,,,,,,,,,,,,,,,,,,,,,,,,,,,,,,,,,,,,,,,,,,,,,,,,,
2019-09-04,2019-09-04,26.45,27.59,26.43,27.09,36600867.0,,,,,,,,,,,,,,,,,,,,,,,,,,,,,,,,,,,,,,,,,,,,,,,,,,,,,,,,,,,,,,,,,,,,,,,,,,,,,,,,,,,,,,,,,,
2019-09-05,2019-09-05,25.47,25.85,25.15,25.79,41559964.0,,,,,,,,,,,,,,,,,,,,,,,,,,,,,,,,,,,,,,,,,,,,,,,,,,,,,,,,,,,,,,,,,,,,,,,,,,,,,,,,,,,,,,,,,,
2019-09-06,2019-09-06,24.72,25.315,24.6,25.14,30572398.0,,,,,,,,,,,,,,,,,,,,,,,,,,,,,,,,,,,,,,,,,,,,,,,,,,,,,,,,,,,,,,,,,,,,,,,,,,,,,,,,,,,,,,,,,,
2019-09-09,2019-09-09,24.48,25.14,24.22,24.27,31222789.0,,,,,,,,,,,,,,,,,,,,,,,,,,,,,,,,,,,,,,,,,,,,,,,,,,,,,,,,,,,,,,,,,,,,,,,,,,,,,,,,,,,,,,,,,,
2019-09-10,2019-09-10,24.4,25.18,24.34,24.82,29914315.0,,,,,,,,,,,,,,,,,,,,,,,,,,,,,,,,,,,,,,,,,,,,,,,,,,,,,,,,,,,,,,,,,,,,,,,,,,,,,,,,,,,,,,,,,,
2019-09-11,2019-09-11,24.02,24.46,23.86,24.37,33546901.0,,,,,,,,,,,,,,,,,,,,,,,,,,,,,,,,,,,,,,,,,,,,,,,,,,,,,,,,,,,,,,,,,,,,,,,,,,,,,,,,,,,,,,,,,,
2019-09-12,2019-09-12,23.45,23.9,23.17,23.57,42894510.0,,,,,,,,,,,,,,,,,,,,,,,,,,,,,,,,,,,,,,,,,,,,,,,,,,,,,,,,,,,,,,,,,,,,,,,,,,,,,,,,,,,,,,,,,,
2019-09-13,2019-09-13,23.08,23.33,22.82,23.16,32599380.0,,,,,,,,,,,,,,,,,,,,,,,,,,,,,,,,,,,,,,,,,,,,,,,,,,,,,,,,,,,,,,,,,,,,,,,,,,,,,,,,,,,,,,,,,,
2019-09-16,2019-09-16,23.42,23.67,23.01,23.6,27943659.0,,,,,,,,,,,,,,,,,,,,,,,,,,,,,,,,,,,,,,,,,,,,,,,,,,,,,,,,,,,,,,,,,,,,,,,,,,,,,,,,,,,,,,,,,,
2019-09-17,2019-09-17,23.31,23.73,23.29,23.49,25161317.0,,,,,,,,,,,,,,,,,,,,,,,,,,,,,,,,,,,,,,,,,,,,,,,,,,,,,,,,,,,,,,,,,,,,,,,,,,,,,,,,,,,,,,,,,,
2019-09-18,2019-09-18,22.56,23.6915,22.5,23.1,54380388.0,,,,,,,,,,,,,,,,,,,,,,,,,,,,,,,,,,,,,,,,,,,,,,,,,,,,,,,,,,,,,,,,,,,,,,,,,,,,,,,,,,,,,,,,,,
2019-09-19,2019-09-19,22.15,22.315,21.8,22.25,33074777.0,,,,,,,,,,,,,,,,,,,,,,,,,,,,,,,,,,,,,,,,,,,,,,,,,,,,,,,,,,,,,,,,,,,,,,,,,,,,,,,,,,,,,,,,,,
2019-09-20,2019-09-20,23.29,23.48,21.83,21.92,38357372.0,,,,,,,,,,,,,,,,,,,,,,,,,,,,,,,,,,,,,,,,,,,,,,,,,,,,,,,,,,,,,,,,,,,,,,,,,,,,,,,,,,,,,,,,,,
2019-09-23,2019-09-23,23.09,23.44,22.7,23.38,23116668.0,,,,,,,,,,,,,,,,,,,,,,,,,,,,,,,,,,,,,,,,,,,,,,,,,,,,,,,,,,,,,,,,,,,,,,,,,,,,,,,,,,,,,,,,,,
2019-09-24,2019-09-24,24.16,24.34,22.45,22.52,63880942.0,,,,,,,,,,,,,,,,,,,,,,,,,,,,,,,,,,,,,,,,,,,,,,,,,,,,,,,,,,,,,,,,,,,,,,,,,,,,,,,,,,,,,,,,,,
2019-09-25,2019-09-25,23.61,24.97,23.4,24.1,43369035.0,,,,,,,,,,,,,,,,,,,,,,,,,,,,,,,,,,,,,,,,,,,,,,,,,,,,,,,,,,,,,,,,,,,,,,,,,,,,,,,,,,,,,,,,,,
2019-09-26,2019-09-26,23.81,24.26,23.53,23.55,31422590.0,,,,,,,,,,,,,,,,,,,,,,,,,,,,,,,,,,,,,,,,,,,,,,,,,,,,,,,,,,,,,,,,,,,,,,,,,,,,,,,,,,,,,,,,,,
2019-09-27,2019-09-27,24.46,25.115,23.38,23.51,54237460.0,,,,,,,,,,,,,,,,,,,,,,,,,,,,,,,,,,,,,,,,,,,,,,,,,,,,,,,,,,,,,,,,,,,,,,,,,,,,,,,,,,,,,,,,,,
2019-09-30,2019-09-30,23.74,24.21,23.48,24.18,24118716.0,,,,,,,,,,,,,,,,,,,,,,,,,,,,,,,,,,,,,,,,,,,,,,,,,,,,,,,,,,,,,,,,,,,,,,,,,,,,,,,,,,,,,,,,,,
2019-10-01,2019-10-01,24.79,24.8,23.05,23.13,48062831.0,,,,,,,,,,,,,,,,,,,,,,,,,,,,,,,,,,,,,,,,,,,,,,,,,,,,,,,,,,,,,,,,,,,,,,,,,,,,,,,,,,,,,,,,,,
2019-10-02,2019-10-02,26.45,26.76,25.47,25.48,84176579.0,,,,,,,,,,,,,,,,,,,,,,,,,,,,,,,,,,,,,,,,,,,,,,,,,,,,,,,,,,,,,,,,,,,,,,,,,,,,,,,,,,,,,,,,,,
2019-10-03,2019-10-03,25.44,27.1,25.43,26.36,51516387.0,,,,,,,,,,,,,,,,,,,,,,,,,,,,,,,,,,,,,,,,,,,,,,,,,,,,,,,,,,,,,,,,,,,,,,,,,,,,,,,,,,,,,,,,,,
2019-10-04,2019-10-04,24.09,25.27,24.05,25.25,29824933.0,,,,,,,,,,,,,,,,,,,,,,,,,,,,,,,,,,,,,,,,,,,,,,,,,,,,,,,,,,,,,,,,,,,,,,,,,,,,,,,,,,,,,,,,,,
2019-10-07,2019-10-07,24.27,24.68,23.76,24.42,29089980.0,,,,,,,,,,,,,,,,,,,,,,,,,,,,,,,,,,,,,,,,,,,,,,,,,,,,,,,,,,,,,,,,,,,,,,,,,,,,,,,,,,,,,,,,,,
2019-10-08,2019-10-08,26.24,26.27,24.93,25.2,49469482.0,,,,,,,,,,,,,,,,,,,,,,,,,,,,,,,,,,,,,,,,,,,,,,,,,,,,,,,,,,,,,,,,,,,,,,,,,,,,,,,,,,,,,,,,,,
2019-10-09,2019-10-09,25.36,25.83,24.76,25.45,30012701.0,,,,,,,,,,,,,,,,,,,,,,,,,,,,,,,,,,,,,,,,,,,,,,,,,,,,,,,,,,,,,,,,,,,,,,,,,,,,,,,,,,,,,,,,,,
2019-10-10,2019-10-10,24.43,25.4,24.355,25.32,34818530.0,,,,,,,,,,,,,,,,,,,,,,,,,,,,,,,,,,,,,,,,,,,,,,,,,,,,,,,,,,,,,,,,,,,,,,,,,,,,,,,,,,,,,,,,,,
2019-10-11,2019-10-11,23.02,23.82,22.62,23.7,74386222.0,,,,,,,,,,,,,,,,,,,,,,,,,,,,,,,,,,,,,,,,,,,,,,,,,,,,,,,,,,,,,,,,,,,,,,,,,,,,,,,,,,,,,,,,,,
2019-10-14,2019-10-14,22.27,23.11,22.24,23.09,30104234.0,,,,,,,,,,,,,,,,,,,,,,,,,,,,,,,,,,,,,,,,,,,,,,,,,,,,,,,,,,,,,,,,,,,,,,,,,,,,,,,,,,,,,,,,,,
2019-10-15,2019-10-15,21.69,21.9,21.36,21.84,46193742.0,,,,,,,,,,,,,,,,,,,,,,,,,,,,,,,,,,,,,,,,,,,,,,,,,,,,,,,,,,,,,,,,,,,,,,,,,,,,,,,,,,,,,,,,,,
2019-10-16,2019-10-16,21.42,21.88,21.37,21.66,28359123.0,,,,,,,,,,,,,,,,,,,,,,,,,,,,,,,,,,,,,,,,,,,,,,,,,,,,,,,,,,,,,,,,,,,,,,,,,,,,,,,,,,,,,,,,,,
2019-10-17,2019-10-17,21.29,21.43,20.965,21.21,26156003.0,,,,,,,,,,,,,,,,,,,,,,,,,,,,,,,,,,,,,,,,,,,,,,,,,,,,,,,,,,,,,,,,,,,,,,,,,,,,,,,,,,,,,,,,,,
2019-10-18,2019-10-18,21.24,21.76,21.03,21.38,32607762.0,,,,,,,,,,,,,,,,,,,,,,,,,,,,,,,,,,,,,,,,,,,,,,,,,,,,,,,,,,,,,,,,,,,,,,,,,,,,,,,,,,,,,,,,,,
