date,Underlying_date,Underlying_close,Underlying_high,Underlying_low,Underlying_open,Underlying_volume,20.0_close,20.0_high,20.0_low,20.0_open,20.0_volume,20.5_close,20.5_high,20.5_low,20.5_open,20.5_volume,21.0_close,21.0_high,21.0_low,21.0_open,21.0_volume,21.5_close,21.5_high,21.5_low,21.5_open,21.5_volume,22.0_close,22.0_high,22.0_low,22.0_open,22.0_volume,22.5_close,22.5_high,22.5_low,22.5_open,22.5_volume,23.0_close,23.0_high,23.0_low,23.0_open,23.0_volume,23.5_close,23.5_high,23.5_low,23.5_open,23.5_volume,24.0_close,24.0_high,24.0_low,24.0_open,24.0_volume,24.5_close,24.5_high,24.5_low,24.5_open,24.5_volume,25.0_close,25.0_high,25.0_low,25.0_open,25.0_volume,25.5_close,25.5_high,25.5_low,25.5_open,25.5_volume,26.0_close,26.0_high,26.0_low,26.0_open,26.0_volume,26.5_close,26.5_high,26.5_low,26.5_open,26.5_volume,27.0_close,27.0_high,27.0_low,27.0_open,27.0_volume,27.5_close,27.5_high,27.5_low,27.5_open,27.5_volume,28.0_close,28.0_high,28.0_low,28.0_open,28.0_volume,28.5_close,28.5_high,28.5_low,28.5_open,28.5_volume,29.0_close,29.0_high,29.0_low,29.0_open,29.0_volume,29.5_close,29.5_high,29.5_low,29.5_open,29.5_volume
2019-05-06,2019-05-06,26.86,28.22,26.66,27.96,43610349.0,,,,,,,,,,,,,,,,0.07,0.09,0.07,0.09,50.0,0.15,0.16,0.13,0.13,179.0,0.25,0.25,0.18,0.18,8.0,0.35,0.35,0.25,0.28,1029.0,0.4,0.42,0.38,0.42,9.0,0.57,0.57,0.53,0.56,133.0,0.69,0.71,0.67,0.67,8.0,0.98,1.01,0.83,0.89,794.0,1.1,1.11,1.09,1.11,40.0,1.59,1.59,1.23,1.39,441.0,1.82,1.82,1.51,1.63,255.0,2.15,2.17,1.83,1.9,46.0,2.46,2.5,1.97,2.2,211.0,2.79,2.79,2.39,2.54,141.0,3.1,3.2,2.76,2.88,224.0,3.16,3.26,3.1,3.1,53.0,3.5,3.65,3.44,3.5,164.0
2019-05-07,2019-05-07,31.33,32.07,28.14,28.41,85493717.0,,,,,,0.02,0.02,0.02,0.02,2.0,,,,,,,,,,,0.08,0.08,0.08,0.08,1.0,0.1,0.17,0.09,0.17,2493.0,0.15,0.15,0.15,0.15,1.0,0.2,0.2,0.2,0.2,1.0,0.26,0.36,0.25,0.36,23.0,0.37,0.43,0.37,0.43,61.0,0.44,0.65,0.35,0.64,1424.0,0.54,0.7,0.53,0.7,51.0,0.63,1.11,0.63,1.11,11.0,0.82,1.29,0.82,1.29,265.0,1.06,1.43,0.96,1.32,73.0,1.05,1.79,1.05,1.79,217.0,1.3,1.78,1.3,1.78,27.0,1.52,2.25,1.52,2.25,400.0,1.65,2.65,1.65,2.65,74.0,1.91,2.53,1.86,2.51,37.0
2019-05-08,2019-05-08,30.71,31.54,29.61,30.99,44684771.0,,,,,,,,,,,,,,,,0.05,0.05,0.05,0.05,45.0,0.08,0.08,0.08,0.08,19.0,0.1,0.1,0.06,0.09,1543.0,,,,,,,,,,,0.3,0.3,0.25,0.25,6.0,0.41,0.41,0.33,0.33,2.0,0.45,0.54,0.37,0.43,766.0,0.52,0.52,0.52,0.52,1.0,0.67,0.83,0.61,0.61,135.0,,,,,,1.02,1.08,0.92,0.92,8.0,,,,,,1.55,1.55,1.3,1.3,21.0,1.78,1.78,1.78,1.78,5.0,1.97,1.97,1.67,1.67,11.0,2.26,2.38,2.25,2.38,15.0
2019-05-09,2019-05-09,30.55,33.29,30.46,32.4,60451039.0,,,,,,,,,,,,,,,,,,,,,0.05,0.05,0.05,0.05,51.0,0.11,0.11,0.11,0.11,2.0,0.15,0.15,0.14,0.14,12.0,,,,,,0.23,0.23,0.15,0.15,82.0,0.27,0.27,0.19,0.19,61.0,0.35,0.42,0.24,0.24,988.0,,,,,,0.56,0.56,0.41,0.42,13.0,0.77,0.77,0.56,0.56,521.0,0.92,0.92,0.62,0.62,61.0,1.02,1.02,0.73,0.73,400.0,1.4,1.4,0.85,0.98,65.0,1.38,1.38,1.0,1.0,38.0,1.78,1.78,1.78,1.78,1.0,1.85,1.96,1.42,1.5,16.0
2019-05-10,2019-05-10,28.19,31.6399,28.19,30.88,60955834.0,,,,,,,,,,,,,,,,,,,,,,,,,,0.11,0.11,0.11,0.11,48.0,0.14,0.14,0.14,0.14,3.0,0.26,0.26,0.24,0.24,11.0,0.31,0.31,0.25,0.25,8.0,0.3,0.3,0.3,0.3,7.0,0.61,0.61,0.43,0.44,37.0,0.76,0.76,0.59,0.59,13.0,0.86,0.86,0.51,0.58,44.0,1.04,1.1,0.64,0.78,248.0,1.33,1.44,0.95,0.99,89.0,1.38,1.49,1.38,1.49,15.0,1.9,1.9,1.09,1.35,90.0,2.21,2.21,1.42,1.42,610.0,2.6,2.6,2.26,2.26,26.0,2.6,2.6,2.08,2.08,3.0
2019-05-13,2019-05-13,32.45,32.59,30.82,31.67,60055151.0,,,,,,,,,,,0.02,0.03,0.02,0.03,6.0,,,,,,0.04,0.04,0.03,0.04,113.0,,,,,,0.06,0.06,0.05,0.05,11.0,0.11,0.11,0.11,0.11,1.0,0.11,0.15,0.11,0.15,86.0,0.18,0.18,0.18,0.18,1.0,0.19,0.29,0.19,0.23,133.0,0.29,0.32,0.29,0.32,12.0,0.32,0.52,0.32,0.35,112.0,0.42,0.6,0.42,0.52,136.0,0.59,0.69,0.59,0.65,84.0,0.69,0.82,0.67,0.75,24.0,0.94,1.15,0.85,0.88,131.0,0.95,1.18,0.95,1.13,437.0,1.12,1.61,1.12,1.61,77.0,1.49,1.49,1.49,1.49,10.0
2019-05-14,2019-05-14,30.65,31.44,30.23,31.24,36854411.0,,,,,,,,,,,0.02,0.02,0.02,0.02,5.0,,,,,,,,,,,0.05,0.05,0.05,0.05,1.0,0.07,0.07,0.07,0.07,10.0,,,,,,,,,,,0.21,0.21,0.2,0.2,24.0,0.26,0.28,0.24,0.25,27.0,0.37,0.37,0.3,0.3,4.0,0.46,0.49,0.42,0.42,33.0,0.51,0.57,0.51,0.51,126.0,0.73,0.73,0.73,0.73,3.0,0.84,0.93,0.77,0.79,38.0,1.04,1.15,1.0,1.01,70.0,1.24,1.27,1.19,1.22,14.0,1.44,1.58,1.35,1.39,60.0,1.64,1.64,1.64,1.64,25.0
2019-05-15,2019-05-15,29.36,31.7179,29.27,31.5,32088264.0,,,,,,,,,,,0.02,0.19,0.02,0.19,2.0,,,,,,0.03,0.03,0.03,0.03,10.0,0.05,0.05,0.05,0.05,7.0,,,,,,,,,,,0.31,0.31,0.31,0.31,1.0,0.22,0.22,0.2,0.2,24.0,0.32,0.32,0.16,0.16,45.0,0.4,0.4,0.36,0.38,6.0,0.57,0.57,0.28,0.3,70.0,0.7,0.7,0.38,0.39,149.0,0.9,0.9,0.52,0.52,67.0,0.96,0.98,0.63,0.65,12.0,1.29,1.29,0.82,0.82,111.0,1.48,1.48,1.0,1.0,3.0,1.9,1.9,1.13,1.13,20.0,1.94,1.94,1.93,1.94,16.0
2019-05-16,2019-05-16,28.1,29.1499,27.91,29.13,31128917.0,,,,,,0.02,0.02,0.02,0.02,1.0,0.01,0.03,0.01,0.03,19.0,0.04,0.04,0.04,0.04,10.0,0.06,0.06,0.06,0.06,3.0,0.07,0.07,0.07,0.07,249.0,,,,,,0.15,0.18,0.15,0.18,22.0,,,,,,,,,,,0.48,0.51,0.43,0.44,26.0,0.66,0.66,0.63,0.64,13.0,0.83,0.87,0.55,0.55,163.0,1.02,1.02,0.92,0.92,11.0,1.27,1.29,0.89,0.89,144.0,1.52,1.54,1.44,1.44,26.0,1.76,1.8,1.32,1.32,33.0,2.05,2.16,1.73,1.73,60.0,2.35,2.52,2.31,2.31,27.0,2.69,2.8,2.65,2.65,38.0
2019-05-17,2019-05-17,28.52,29.26,27.73,29.24,43742319.0,0.01,0.01,0.01,0.01,1.0,,,,,,,,,,,,,,,,0.12,0.12,0.12,0.12,1.0,,,,,,,,,,,0.17,0.17,0.15,0.16,1732.0,0.2,0.23,0.12,0.12,216.0,0.3,0.3,0.3,0.3,1.0,0.38,0.52,0.38,0.47,26.0,0.53,0.67,0.51,0.51,22.0,0.69,0.9,0.67,0.67,56.0,1.09,1.09,0.95,0.95,12.0,1.12,4.93,1.07,4.93,68.0,1.37,1.63,1.3,1.3,17.0,1.62,1.86,1.46,1.46,109.0,1.94,2.18,1.94,2.03,16.0,2.2,2.55,2.17,2.27,44.0,2.65,2.9,2.48,2.48,42.0
2019-05-20,2019-05-20,28.94,29.8,28.4,29.31,32737337.0,0.01,0.01,0.01,0.01,1.0,,,,,,,,,,,,,,,,,,,,,0.03,0.03,0.03,0.03,52.0,0.05,0.05,0.04,0.04,57.0,0.07,0.09,0.07,0.07,43.0,0.09,0.14,0.09,0.11,58.0,0.17,0.17,0.16,0.16,22.0,0.25,0.29,0.23,0.27,175.0,0.35,0.39,0.35,0.39,19.0,0.51,0.58,0.46,0.46,73.0,0.67,0.75,0.64,0.67,76.0,0.87,1.36,0.78,1.36,74.0,1.08,1.2,1.03,1.2,10.0,1.31,1.43,1.31,1.43,10.0,,,,,,2.06,2.06,1.61,1.61,21.0,2.09,2.14,1.92,2.05,10.0
2019-05-21,2019-05-21,27.48,28.02,27.39,28.0,23455232.0,,,,,,,,,,,,,,,,,,,,,,,,,,0.03,0.03,0.03,0.03,2.0,0.06,0.06,0.05,0.06,91.0,0.1,0.1,0.1,0.1,3.0,0.14,0.15,0.14,0.15,5.0,0.27,0.27,0.23,0.23,70.0,0.38,0.38,0.31,0.36,156.0,0.54,0.54,0.5,0.5,12.0,0.75,0.75,0.65,0.71,99.0,0.97,0.98,0.88,0.88,36.0,1.22,1.22,1.09,1.2,127.0,1.51,1.51,1.37,1.39,74.0,1.83,1.86,1.68,1.68,38.0,2.12,2.12,2.04,2.04,17.0,2.65,2.65,2.34,2.34,59.0,2.93,2.93,2.77,2.83,39.0
2019-05-22,2019-05-22,27.22,27.69,26.93,27.6,28075437.0,,,,,,,,,,,,,,,,,,,,,0.02,0.02,0.01,0.01,5.0,0.02,0.02,0.02,0.02,2.0,0.06,0.06,0.06,0.06,96.0,0.09,0.09,0.09,0.09,35.0,0.18,0.18,0.16,0.16,67.0,0.26,0.27,0.22,0.26,150.0,0.36,0.42,0.36,0.39,751.0,0.59,0.61,0.49,0.49,652.0,0.83,2.17,0.68,0.69,686.0,0.99,1.05,0.91,0.98,89.0,1.28,1.34,1.17,1.23,187.0,1.58,3.05,1.42,1.43,137.0,2.02,2.02,1.84,1.87,663.0,2.29,2.31,2.09,2.26,67.0,2.64,2.64,2.51,2.55,39.0,2.88,3.01,2.88,3.0,14.0
2019-05-23,2019-05-23,29.02,29.5,28.25,28.25,42745667.0,,,,,,,,,,,,,,,,,,,,,,,,,,0.02,0.02,0.02,0.02,14.0,0.02,0.03,0.02,0.02,6.0,0.04,0.04,0.03,0.04,75.0,0.07,0.08,0.07,0.08,402.0,0.1,0.11,0.1,0.11,52.0,0.17,0.21,0.14,0.19,2550.0,0.26,0.3,0.2,0.28,741.0,0.31,0.42,0.3,0.34,713.0,0.51,0.6,0.44,0.55,411.0,0.65,0.83,0.65,0.67,117.0,0.8,1.03,0.8,1.02,56.0,1.18,1.28,1.01,1.23,142.0,1.35,1.63,1.25,1.52,359.0,1.66,1.88,1.54,1.7,276.0,1.95,2.29,1.8,2.05,73.0
2019-05-24,2019-05-24,28.42,28.8,27.88,28.17,24589353.0,,,,,,,,,,,,,,,,,,,,,,,,,,0.02,0.02,0.01,0.01,56.0,0.03,0.03,0.03,0.03,5.0,0.04,0.04,0.04,0.04,5.0,0.06,0.07,0.06,0.07,16.0,0.09,0.11,0.09,0.11,4.0,0.14,0.21,0.13,0.2,35.0,0.24,0.32,0.2,0.32,4336.0,0.39,0.52,0.33,0.52,579.0,0.5,0.67,0.47,0.61,2187.0,0.73,0.94,0.63,0.94,174.0,1.03,1.13,0.88,1.1,87.0,1.29,1.51,1.15,1.46,941.0,1.52,1.84,1.37,1.75,283.0,2.0,2.18,1.68,2.07,1220.0,2.3,2.52,2.01,2.35,84.0
2019-05-28,2019-05-28,29.27,29.27,27.76,28.22,22138340.0,,,,,,,,,,,0.01,0.01,0.01,0.01,2.0,,,,,,,,,,,0.01,0.01,0.01,0.01,15.0,,,,,,0.02,0.03,0.02,0.03,3.0,0.02,0.03,0.02,0.03,221.0,0.02,0.06,0.02,0.06,22.0,0.05,0.12,0.05,0.12,256.0,0.11,0.25,0.1,0.23,275.0,0.17,0.41,0.16,0.35,6910.0,0.27,0.55,0.27,0.54,88.0,0.41,0.81,0.39,0.75,2442.0,0.6,0.98,0.55,0.98,30.0,0.78,1.34,0.75,1.3,192.0,1.06,1.7,1.03,1.7,94.0,1.29,1.84,1.29,1.7,224.0,1.67,2.38,1.67,2.36,118.0
2019-05-29,2019-05-29,29.84,30.3701,29.32,29.89,33021038.0,,,,,,,,,,,,,,,,,,,,,,,,,,,,,,,,,,,,0.02,0.02,0.02,0.02,52.0,0.02,0.02,0.02,0.02,12.0,0.03,0.03,0.02,0.03,50.0,0.03,0.17,0.02,0.17,200.0,0.05,0.07,0.05,0.06,64.0,0.09,0.12,0.07,0.12,3139.0,0.12,0.43,0.12,0.35,683.0,0.22,0.29,0.18,0.27,616.0,0.34,0.95,0.29,0.4,533.0,0.52,0.63,0.4,0.57,2497.0,0.7,0.88,0.55,0.78,487.0,0.93,1.12,0.76,1.0,2883.0,1.23,1.41,1.0,1.25,297.0
2019-05-30,2019-05-30,29.31,29.88,28.845,29.11,20277162.0,,,,,,,,,,,,,,,,,,,,,,,,,,0.01,0.01,0.01,0.01,1.0,,,,,,0.01,0.01,0.01,0.01,20.0,0.02,0.02,0.01,0.01,24.0,,,,,,0.03,0.03,0.02,0.02,175.0,0.04,0.05,0.03,0.05,166.0,0.05,0.11,0.05,0.11,1127.0,0.13,0.19,0.1,0.19,831.0,0.24,0.39,0.17,0.39,520.0,0.39,0.48,0.26,0.46,716.0,0.57,0.69,0.4,0.64,950.0,0.77,0.95,0.65,0.93,381.0,1.03,1.24,0.81,1.1,1456.0,1.38,1.56,1.09,1.48,1251.0
2019-05-31,2019-05-31,30.42,30.89,29.905,30.73,28925166.0,,,,,,,,,,,,,,,,,,,,,,,,,,,,,,,,,,,,0.01,0.01,0.01,0.01,1.0,0.01,0.01,0.01,0.01,52.0,0.01,0.02,0.01,0.02,33.0,0.01,0.02,0.01,0.02,97.0,0.01,0.02,0.01,0.02,94.0,0.03,0.05,0.02,0.04,196.0,0.04,0.08,0.04,0.07,301.0,0.09,0.24,0.07,0.24,411.0,0.12,0.23,0.12,0.2,1355.0,0.18,0.36,0.18,0.31,950.0,0.32,0.51,0.3,0.37,816.0,0.46,0.73,0.45,0.58,4891.0,0.7,0.96,0.65,0.65,1399.0
2019-06-03,2019-06-03,30.73,31.41,29.8199,30.4,29037266.0,,,,,,,,,,,,,,,,,,,,,,,,,,,,,,,,,,,,,,,,,0.01,0.01,0.01,0.01,1.0,0.01,0.01,0.01,0.01,1.0,0.01,0.01,0.01,0.01,1.0,0.01,0.01,0.01,0.01,3.0,0.01,0.02,0.01,0.02,2013.0,0.01,0.04,0.01,0.04,110.0,0.02,0.08,0.02,0.07,634.0,0.08,0.18,0.04,0.18,1345.0,0.13,0.25,0.07,0.21,1902.0,0.23,0.38,0.13,0.32,4322.0,0.37,0.58,0.23,0.47,2651.0,0.51,0.82,0.36,0.75,3478.0
2019-06-04,2019-06-04,29.02,30.24,29.0,29.81,24171477.0,,,,,,,,,,,,,,,,,,,,,,,,,,,,,,,,,,,,,,,,,0.01,0.01,0.01,0.01,20.0,,,,,,0.02,0.02,0.01,0.01,6267.0,0.01,0.01,0.01,0.01,10.0,0.03,0.03,0.01,0.01,12654.0,0.03,0.03,0.01,0.01,543.0,0.07,0.07,0.02,0.04,3658.0,0.13,0.13,0.06,0.09,1560.0,0.23,0.25,0.09,0.17,12598.0,0.46,0.46,0.18,0.3,13379.0,0.71,0.71,0.3,0.39,10920.0,1.03,1.03,0.5,0.65,2096.0
2019-06-05,2019-06-05,28.46,29.33,28.31,28.65,23479972.0,,,,,,,,,,,,,,,,,,,,,,,,,,,,,,,,,,,,,,,,,,,,,,,,,,,0.02,0.02,0.01,0.01,183.0,0.02,0.02,0.01,0.01,76.0,0.02,0.03,0.01,0.03,51.0,0.04,0.04,0.02,0.02,107.0,0.09,0.09,0.04,0.06,2318.0,0.15,0.16,0.08,0.1,945.0,0.38,0.38,0.16,0.26,1588.0,0.68,0.68,0.28,0.5,2282.0,0.95,0.98,0.52,0.76,1136.0,1.43,1.43,0.81,1.03,1622.0
2019-06-06,2019-06-06,27.85,28.55,27.77,28.24,18497198.0,,,,,,,,,,,,,,,,,,,,,,,,,,,,,,,,,,,,,,,,,,,,,,,,,,,0.01,0.01,0.01,0.01,245.0,0.01,0.01,0.01,0.01,7.0,0.01,0.01,0.01,0.01,2.0,0.02,0.03,0.02,0.03,302.0,0.08,0.1,0.04,0.1,731.0,0.21,0.23,0.1,0.14,6261.0,0.46,0.5,0.24,0.36,12504.0,0.82,0.86,0.5,0.55,2195.0,1.27,1.79,0.8,0.94,1800.0,1.68,1.75,1.21,1.41,269.0
2019-06-07,2019-06-07,28.06,28.1615,27.6,27.77,23326873.0,,,,,,,,,,,,,,,,,,,,,,,,,,0.01,0.01,0.01,0.01,4.0,,,,,,,,,,,,,,,,0.01,0.01,0.01,0.01,1.0,,,,,,0.01,0.01,0.01,0.01,64.0,0.01,0.02,0.01,0.01,40.0,0.01,0.02,0.01,0.01,169.0,0.01,0.08,0.01,0.04,3751.0,0.01,0.23,0.01,0.13,9920.0,0.01,0.53,0.01,0.44,5355.0,0.32,0.94,0.32,0.73,9067.0,0.8,1.43,0.8,1.18,7669.0,1.37,1.9,1.37,1.79,1084.0
2019-06-10,2019-06-10,27.86,28.24,27.61,27.71,14480560.0,,,,,,,,,,,,,,,,,,,,,,,,,,,,,,,,,,,,,,,,,,,,,,,,,,,,,,,,,,,,,,,,,,,,,,,,,,,,,,,,,,,,,,,,,,,,,,,,,,,,
2019-06-11,2019-06-11,27.91,28.3,27.3,27.4,18841531.0,,,,,,,,,,,,,,,,,,,,,,,,,,,,,,,,,,,,,,,,,,,,,,,,,,,,,,,,,,,,,,,,,,,,,,,,,,,,,,,,,,,,,,,,,,,,,,,,,,,,
2019-06-12,2019-06-12,27.78,28.3,27.66,28.11,14225241.0,,,,,,,,,,,,,,,,,,,,,,,,,,,,,,,,,,,,,,,,,,,,,,,,,,,,,,,,,,,,,,,,,,,,,,,,,,,,,,,,,,,,,,,,,,,,,,,,,,,,
2019-06-13,2019-06-13,27.61,27.905,27.33,27.45,17051858.0,,,,,,,,,,,,,,,,,,,,,,,,,,,,,,,,,,,,,,,,,,,,,,,,,,,,,,,,,,,,,,,,,,,,,,,,,,,,,,,,,,,,,,,,,,,,,,,,,,,,
2019-06-14,2019-06-14,27.32,28.06,27.28,27.8,13682989.0,,,,,,,,,,,,,,,,,,,,,,,,,,,,,,,,,,,,,,,,,,,,,,,,,,,,,,,,,,,,,,,,,,,,,,,,,,,,,,,,,,,,,,,,,,,,,,,,,,,,
2019-06-17,2019-06-17,27.03,27.36,26.8815,27.29,14470210.0,,,,,,,,,,,,,,,,,,,,,,,,,,,,,,,,,,,,,,,,,,,,,,,,,,,,,,,,,,,,,,,,,,,,,,,,,,,,,,,,,,,,,,,,,,,,,,,,,,,,
2019-06-18,2019-06-18,26.82,26.98,26.35,26.54,24889651.0,,,,,,,,,,,,,,,,,,,,,,,,,,,,,,,,,,,,,,,,,,,,,,,,,,,,,,,,,,,,,,,,,,,,,,,,,,,,,,,,,,,,,,,,,,,,,,,,,,,,
2019-06-19,2019-06-19,25.93,26.93,25.88,26.65,29671248.0,,,,,,,,,,,,,,,,,,,,,,,,,,,,,,,,,,,,,,,,,,,,,,,,,,,,,,,,,,,,,,,,,,,,,,,,,,,,,,,,,,,,,,,,,,,,,,,,,,,,
2019-06-20,2019-06-20,26.01,26.82,25.26,25.46,34444193.0,,,,,,,,,,,,,,,,,,,,,,,,,,,,,,,,,,,,,,,,,,,,,,,,,,,,,,,,,,,,,,,,,,,,,,,,,,,,,,,,,,,,,,,,,,,,,,,,,,,,
2019-06-21,2019-06-21,26.62,26.81,25.885,26.2,19740690.0,,,,,,,,,,,,,,,,,,,,,,,,,,,,,,,,,,,,,,,,,,,,,,,,,,,,,,,,,,,,,,,,,,,,,,,,,,,,,,,,,,,,,,,,,,,,,,,,,,,,
2019-06-24,2019-06-24,26.38,26.52,26.14,26.45,12634966.0,,,,,,,,,,,,,,,,,,,,,,,,,,,,,,,,,,,,,,,,,,,,,,,,,,,,,,,,,,,,,,,,,,,,,,,,,,,,,,,,,,,,,,,,,,,,,,,,,,,,
2019-06-25,2019-06-25,27.05,27.181,26.37,26.4,17296855.0,,,,,,,,,,,,,,,,,,,,,,,,,,,,,,,,,,,,,,,,,,,,,,,,,,,,,,,,,,,,,,,,,,,,,,,,,,,,,,,,,,,,,,,,,,,,,,,,,,,,
2019-06-26,2019-06-26,26.84,27.05,26.39,26.52,13586640.0,,,,,,,,,,,,,,,,,,,,,,,,,,,,,,,,,,,,,,,,,,,,,,,,,,,,,,,,,,,,,,,,,,,,,,,,,,,,,,,,,,,,,,,,,,,,,,,,,,,,
2019-06-27,2019-06-27,26.42,26.795,26.2,26.65,14890831.0,,,,,,,,,,,,,,,,,,,,,,,,,,,,,,,,,,,,,,,,,,,,,,,,,,,,,,,,,,,,,,,,,,,,,,,,,,,,,,,,,,,,,,,,,,,,,,,,,,,,
2019-06-28,2019-06-28,26.0,26.3,25.87,26.13,17624656.0,,,,,,,,,,,,,,,,,,,,,,,,,,,,,,,,,,,,,,,,,,,,,,,,,,,,,,,,,,,,,,,,,,,,,,,,,,,,,,,,,,,,,,,,,,,,,,,,,,,,
2019-07-01,2019-07-01,24.56,25.08,24.46,24.55,30302465.0,,,,,,,,,,,,,,,,,,,,,,,,,,,,,,,,,,,,,,,,,,,,,,,,,,,,,,,,,,,,,,,,,,,,,,,,,,,,,,,,,,,,,,,,,,,,,,,,,,,,
2019-07-02,2019-07-02,23.65,24.6,23.61,24.6,26022509.0,,,,,,,,,,,,,,,,,,,,,,,,,,,,,,,,,,,,,,,,,,,,,,,,,,,,,,,,,,,,,,,,,,,,,,,,,,,,,,,,,,,,,,,,,,,,,,,,,,,,
2019-07-03,2019-07-03,23.51,23.88,23.42,23.67,15809303.0,,,,,,,,,,,,,,,,,,,,,,,,,,,,,,,,,,,,,,,,,,,,,,,,,,,,,,,,,,,,,,,,,,,,,,,,,,,,,,,,,,,,,,,,,,,,,,,,,,,,
2019-07-05,2019-07-05,23.58,24.71,23.5,24.01,24124885.0,,,,,,,,,,,,,,,,,,,,,,,,,,,,,,,,,,,,,,,,,,,,,,,,,,,,,,,,,,,,,,,,,,,,,,,,,,,,,,,,,,,,,,,,,,,,,,,,,,,,
2019-07-08,2019-07-08,24.23,24.47,23.9,24.12,18014371.0,,,,,,,,,,,,,,,,,,,,,,,,,,,,,,,,,,,,,,,,,,,,,,,,,,,,,,,,,,,,,,,,,,,,,,,,,,,,,,,,,,,,,,,,,,,,,,,,,,,,
2019-07-09,2019-07-09,24.3,24.96,24.22,24.96,15024150.0,,,,,,,,,,,,,,,,,,,,,,,,,,,,,,,,,,,,,,,,,,,,,,,,,,,,,,,,,,,,,,,,,,,,,,,,,,,,,,,,,,,,,,,,,,,,,,,,,,,,
2019-07-10,2019-07-10,23.56,23.9869,23.495,23.98,19868046.0,,,,,,,,,,,,,,,,,,,,,,,,,,,,,,,,,,,,,,,,,,,,,,,,,,,,,,,,,,,,,,,,,,,,,,,,,,,,,,,,,,,,,,,,,,,,,,,,,,,,
2019-07-11,2019-07-11,23.17,23.6,23.025,23.23,21061186.0,,,,,,,,,,,,,,,,,,,,,,,,,,,,,,,,,,,,,,,,,,,,,,,,,,,,,,,,,,,,,,,,,,,,,,,,,,,,,,,,,,,,,,,,,,,,,,,,,,,,
2019-07-12,2019-07-12,22.8,23.19,22.75,23.01,18425836.0,,,,,,,,,,,,,,,,,,,,,,,,,,,,,,,,,,,,,,,,,,,,,,,,,,,,,,,,,,,,,,,,,,,,,,,,,,,,,,,,,,,,,,,,,,,,,,,,,,,,
2019-07-15,2019-07-15,22.71,22.93,22.58,22.69,15945412.0,,,,,,,,,,,,,,,,,,,,,,,,,,,,,,,,,,,,,,,,,,,,,,,,,,,,,,,,,,,,,,,,,,,,,,,,,,,,,,,,,,,,,,,,,,,,,,,,,,,,
2019-07-16,2019-07-16,22.78,22.9,22.29,22.6,25415471.0,,,,,,,,,,,,,,,,,,,,,,,,,,,,,,,,,,,,,,,,,,,,,,,,,,,,,,,,,,,,,,,,,,,,,,,,,,,,,,,,,,,,,,,,,,,,,,,,,,,,
2019-07-17,2019-07-17,23.36,23.36,22.44,22.58,29056917.0,,,,,,,,,,,,,,,,,,,,,,,,,,,,,,,,,,,,,,,,,,,,,,,,,,,,,,,,,,,,,,,,,,,,,,,,,,,,,,,,,,,,,,,,,,,,,,,,,,,,
2019-07-18,2019-07-18,23.115,23.715,22.71,23.34,27076320.0,,,,,,,,,,,,,,,,,,,,,,,,,,,,,,,,,,,,,,,,,,,,,,,,,,,,,,,,,,,,,,,,,,,,,,,,,,,,,,,,,,,,,,,,,,,,,,,,,,,,
2019-07-19,2019-07-19,23.38,23.43,22.59,22.67,26220800.0,,,,,,,,,,,,,,,,,,,,,,,,,,,,,,,,,,,,,,,,,,,,,,,,,,,,,,,,,,,,,,,,,,,,,,,,,,,,,,,,,,,,,,,,,,,,,,,,,,,,
2019-07-22,2019-07-22,22.91,23.48,22.74,23.35,21908515.0,,,,,,,,,,,,,,,,,,,,,,,,,,,,,,,,,,,,,,,,,,,,,,,,,,,,,,,,,,,,,,,,,,,,,,,,,,,,,,,,,,,,,,,,,,,,,,,,,,,,
2019-07-23,2019-07-23,22.1,22.88,22.08,22.51,18943361.0,,,,,,,,,,,,,,,,,,,,,,,,,,,,,,,,,,,,,,,,,,,,,,,,,,,,,,,,,,,,,,,,,,,,,,,,,,,,,,,,,,,,,,,,,,,,,,,,,,,,
2019-07-24,2019-07-24,21.54,22.37,21.41,22.34,18825276.0,,,,,,,,,,,,,,,,,,,,,,,,,,,,,,,,,,,,,,,,,,,,,,,,,,,,,,,,,,,,,,,,,,,,,,,,,,,,,,,,,,,,,,,,,,,,,,,,,,,,
2019-07-25,2019-07-25,22.2,22.6,21.66,21.66,29862313.0,,,,,,,,,,,,,,,,,,,,,,,,,,,,,,,,,,,,,,,,,,,,,,,,,,,,,,,,,,,,,,,,,,,,,,,,,,,,,,,,,,,,,,,,,,,,,,,,,,,,
2019-07-26,2019-07-26,21.64,21.83,21.46,21.79,18901474.0,,,,,,,,,,,,,,,,,,,,,,,,,,,,,,,,,,,,,,,,,,,,,,,,,,,,,,,,,,,,,,,,,,,,,,,,,,,,,,,,,,,,,,,,,,,,,,,,,,,,
2019-07-29,2019-07-29,21.83,22.0,21.59,21.69,16615858.0,,,,,,,,,,,,,,,,,,,,,,,,,,,,,,,,,,,,,,,,,,,,,,,,,,,,,,,,,,,,,,,,,,,,,,,,,,,,,,,,,,,,,,,,,,,,,,,,,,,,
2019-07-30,2019-07-30,22.34,22.47,21.94,22.26,23460651.0,,,,,,,,,,,,,,,,,,,,,,,,,,,,,,,,,,,,,,,,,,,,,,,,,,,,,,,,,,,,,,,,,,,,,,,,,,,,,,,,,,,,,,,,,,,,,,,,,,,,
2019-07-31,2019-07-31,23.59,24.34,21.93,22.31,53038065.0,,,,,,,,,,,,,,,,,,,,,,,,,,,,,,,,,,,,,,,,,,,,,,,,,,,,,,,,,,,,,,,,,,,,,,,,,,,,,,,,,,,,,,,,,,,,,,,,,,,,
2019-08-01,2019-08-01,25.45,26.14,22.555,23.64,109087195.0,,,,,,,,,,,,,,,,,,,,,,,,,,,,,,,,,,,,,,,,,,,,,,,,,,,,,,,,,,,,,,,,,,,,,,,,,,,,,,,,,,,,,,,,,,,,,,,,,,,,
2019-08-02,2019-08-02,25.66,26.69,25.27,25.5,71310504.0,,,,,,,,,,,,,,,,,,,,,,,,,,,,,,,,,,,,,,,,,,,,,,,,,,,,,,,,,,,,,,,,,,,,,,,,,,,,,,,,,,,,,,,,,,,,,,,,,,,,
2019-08-05,2019-08-05,29.3,29.625,27.28,27.47,86663392.0,,,,,,,,,,,,,,,,,,,,,,,,,,,,,,,,,,,,,,,,,,,,,,,,,,,,,,,,,,,,,,,,,,,,,,,,,,,,,,,,,,,,,,,,,,,,,,,,,,,,
2019-08-06,2019-08-06,27.48,29.67,27.48,28.22,59849382.0,,,,,,,,,,,,,,,,,,,,,,,,,,,,,,,,,,,,,,,,,,,,,,,,,,,,,,,,,,,,,,,,,,,,,,,,,,,,,,,,,,,,,,,,,,,,,,,,,,,,
2019-08-07,2019-08-07,27.62,30.09,27.48,29.44,54533993.0,,,,,,,,,,,,,,,,,,,,,,,,,,,,,,,,,,,,,,,,,,,,,,,,,,,,,,,,,,,,,,,,,,,,,,,,,,,,,,,,,,,,,,,,,,,,,,,,,,,,
2019-08-08,2019-08-08,25.98,27.41,25.87,27.06,34369131.0,,,,,,,,,,,,,,,,,,,,,,,,,,,,,,,,,,,,,,,,,,,,,,,,,,,,,,,,,,,,,,,,,,,,,,,,,,,,,,,,,,,,,,,,,,,,,,,,,,,,
2019-08-09,2019-08-09,26.93,27.465,26.18,26.43,38298114.0,,,,,,,,,,,,,,,,,,,,,,,,,,,,,,,,,,,,,,,,,,,,,,,,,,,,,,,,,,,,,,,,,,,,,,,,,,,,,,,,,,,,,,,,,,,,,,,,,,,,
2019-08-12,2019-08-12,28.89,28.99,27.25,27.35,28752436.0,,,,,,,,,,,,,,,,,,,,,,,,,,,,,,,,,,,,,,,,,,,,,,,,,,,,,,,,,,,,,,,,,,,,,,,,,,,,,,,,,,,,,,,,,,,,,,,,,,,,
2019-08-13,2019-08-13,26.76,29.4,26.71,29.35,41956617.0,,,,,,,,,,,,,,,,,,,,,,,,,,,,,,,,,,,,,,,,,,,,,,,,,,,,,,,,,,,,,,,,,,,,,,,,,,,,,,,,,,,,,,,,,,,,,,,,,,,,
2019-08-14,2019-08-14,30.465,30.5,28.07,28.59,67110934.0,,,,,,,,,,,,,,,,,,,,,,,,,,,,,,,,,,,,,,,,,,,,,,,,,,,,,,,,,,,,,,,,,,,,,,,,,,,,,,,,,,,,,,,,,,,,,,,,,,,,
2019-08-15,2019-08-15,29.67,31.0,29.3715,29.72,39376746.0,,,,,,,,,,,,,,,,,,,,,,,,,,,,,,,,,,,,,,,,,,,,,,,,,,,,,,,,,,,,,,,,,,,,,,,,,,,,,,,,,,,,,,,,,,,,,,,,,,,,
2019-08-16,2019-08-16,28.03,29.14,27.96,29.09,27556919.0,,,,,,,,,,,,,,,,,,,,,,,,,,,,,,,,,,,,,,,,,,,,,,,,,,,,,,,,,,,,,,,,,,,,,,,,,,,,,,,,,,,,,,,,,,,,,,,,,,,,
2019-08-19,2019-08-19,25.98,26.9965,25.88,26.85,28490840.0,,,,,,,,,,,,,,,,,,,,,,,,,,,,,,,,,,,,,,,,,,,,,,,,,,,,,,,,,,,,,,,,,,,,,,,,,,,,,,,,,,,,,,,,,,,,,,,,,,,,
2019-08-20,2019-08-20,26.6,26.79,26.01,26.26,27521918.0,,,,,,,,,,,,,,,,,,,,,,,,,,,,,,,,,,,,,,,,,,,,,,,,,,,,,,,,,,,,,,,,,,,,,,,,,,,,,,,,,,,,,,,,,,,,,,,,,,,,
2019-08-21,2019-08-21,25.3,25.73,25.25,25.53,28577472.0,,,,,,,,,,,,,,,,,,,,,,,,,,,,,,,,,,,,,,,,,,,,,,,,,,,,,,,,,,,,,,,,,,,,,,,,,,,,,,,,,,,,,,,,,,,,,,,,,,,,
2019-08-22,2019-08-22,25.75,26.4599,25.075,25.09,31157200.0,,,,,,,,,,,,,,,,,,,,,,,,,,,,,,,,,,,,,,,,,,,,,,,,,,,,,,,,,,,,,,,,,,,,,,,,,,,,,,,,,,,,,,,,,,,,,,,,,,,,
2019-08-23,2019-08-23,28.96,29.46,25.46,26.63,78293234.0,,,,,,,,,,,,,,,,,,,,,,,,,,,,,,,,,,,,,,,,,,,,,,,,,,,,,,,,,,,,,,,,,,,,,,,,,,,,,,,,,,,,,,,,,,,,,,,,,,,,
2019-08-26,2019-08-26,28.1,28.97,27.44,27.53,32372753.0,,,,,,,,,,,,,,,,,,,,,,,,,,,,,,,,,,,,,,,,,,,,,,,,,,,,,,,,,,,,,,,,,,,,,,,,,,,,,,,,,,,,,,,,,,,,,,,,,,,,
2019-08-27,2019-08-27,28.67,29.39,27.54,27.63,26681523.0,,,,,,,,,,,,,,,,,,,,,,,,,,,,,,,,,,,,,,,,,,,,,,,,,,,,,,,,,,,,,,,,,,,,,,,,,,,,,,,,,,,,,,,,,,,,,,,,,,,,
2019-08-28,2019-08-28,28.02,29.75,28.0,29.33,28005357.0,,,,,,,,,,,,,,,,,,,,,,,,,,,,,,,,,,,,,,,,,,,,,,,,,,,,,,,,,,,,,,,,,,,,,,,,,,,,,,,,,,,,,,,,,,,,,,,,,,,,
2019-08-29,2019-08-29,26.85,27.44,26.58,27.18,28752821.0,,,,,,,,,,,,,,,,,,,,,,,,,,,,,,,,,,,,,,,,,,,,,,,,,,,,,,,,,,,,,,,,,,,,,,,,,,,,,,,,,,,,,,,,,,,,,,,,,,,,
2019-08-30,2019-08-30,27.0,27.64,26.3,26.3,28129769.0,,,,,,,,,,,,,,,,,,,,,,,,,,,,,,,,,,,,,,,,,,,,,,,,,,,,,,,,,,,,,,,,,,,,,,,,,,,,,,,,,,,,,,,,,,,,,,,,,,,,
2019-09-03,2019-09-03,28.19,28.45,27.52,28.0,36077100.0,,,,,,,,,,,,,,,,,,,,,,,,,,,,,,,,,,,,,,,,,,,,,,,,,,,,,,,,,,,,,,,,,,,,,,,,,,,,,,,,,,,,,,,,,,,,,,,,,,,,
2019-09-04,2019-09-04,26.45,27.59,26.43,27.09,36600867.0,,,,,,,,,,,,,,,,,,,,,,,,,,,,,,,,,,,,,,,,,,,,,,,,,,,,,,,,,,,,,,,,,,,,,,,,,,,,,,,,,,,,,,,,,,,,,,,,,,,,
2019-09-05,2019-09-05,25.47,25.85,25.15,25.79,41559964.0,,,,,,,,,,,,,,,,,,,,,,,,,,,,,,,,,,,,,,,,,,,,,,,,,,,,,,,,,,,,,,,,,,,,,,,,,,,,,,,,,,,,,,,,,,,,,,,,,,,,
2019-09-06,2019-09-06,24.72,25.315,24.6,25.14,30572398.0,,,,,,,,,,,,,,,,,,,,,,,,,,,,,,,,,,,,,,,,,,,,,,,,,,,,,,,,,,,,,,,,,,,,,,,,,,,,,,,,,,,,,,,,,,,,,,,,,,,,
2019-09-09,2019-09-09,24.48,25.14,24.22,24.27,31222789.0,,,,,,,,,,,,,,,,,,,,,,,,,,,,,,,,,,,,,,,,,,,,,,,,,,,,,,,,,,,,,,,,,,,,,,,,,,,,,,,,,,,,,,,,,,,,,,,,,,,,
2019-09-10,2019-09-10,24.4,25.18,24.34,24.82,29914315.0,,,,,,,,,,,,,,,,,,,,,,,,,,,,,,,,,,,,,,,,,,,,,,,,,,,,,,,,,,,,,,,,,,,,,,,,,,,,,,,,,,,,,,,,,,,,,,,,,,,,
2019-09-11,2019-09-11,24.02,24.46,23.86,24.37,33546901.0,,,,,,,,,,,,,,,,,,,,,,,,,,,,,,,,,,,,,,,,,,,,,,,,,,,,,,,,,,,,,,,,,,,,,,,,,,,,,,,,,,,,,,,,,,,,,,,,,,,,
2019-09-12,2019-09-12,23.45,23.9,23.17,23.57,42894510.0,,,,,,,,,,,,,,,,,,,,,,,,,,,,,,,,,,,,,,,,,,,,,,,,,,,,,,,,,,,,,,,,,,,,,,,,,,,,,,,,,,,,,,,,,,,,,,,,,,,,
2019-09-13,2019-09-13,23.08,23.33,22.82,23.16,32599380.0,,,,,,,,,,,,,,,,,,,,,,,,,,,,,,,,,,,,,,,,,,,,,,,,,,,,,,,,,,,,,,,,,,,,,,,,,,,,,,,,,,,,,,,,,,,,,,,,,,,,
2019-09-16,2019-09-16,23.42,23.67,23.01,23.6,27943659.0,,,,,,,,,,,,,,,,,,,,,,,,,,,,,,,,,,,,,,,,,,,,,,,,,,,,,,,,,,,,,,,,,,,,,,,,,,,,,,,,,,,,,,,,,,,,,,,,,,,,
2019-09-17,2019-09-17,23.31,23.73,23.29,23.49,25161317.0,,,,,,,,,,,,,,,,,,,,,,,,,,,,,,,,,,,,,,,,,,,,,,,,,,,,,,,,,,,,,,,,,,,,,,,,,,,,,,,,,,,,,,,,,,,,,,,,,,,,
2019-09-18,2019-09-18,22.56,23.6915,22.5,23.1,54380388.0,,,,,,,,,,,,,,,,,,,,,,,,,,,,,,,,,,,,,,,,,,,,,,,,,,,,,,,,,,,,,,,,,,,,,,,,,,,,,,,,,,,,,,,,,,,,,,,,,,,,
2019-09-19,2019-09-19,22.15,22.315,21.8,22.25,33074777.0,,,,,,,,,,,,,,,,,,,,,,,,,,,,,,,,,,,,,,,,,,,,,,,,,,,,,,,,,,,,,,,,,,,,,,,,,,,,,,,,,,,,,,,,,,,,,,,,,,,,
2019-09-20,2019-09-20,23.29,23.48,21.83,21.92,38357372.0,,,,,,,,,,,,,,,,,,,,,,,,,,,,,,,,,,,,,,,,,,,,,,,,,,,,,,,,,,,,,,,,,,,,,,,,,,,,,,,,,,,,,,,,,,,,,,,,,,,,
2019-09-23,2019-09-23,23.09,23.44,22.7,23.38,23116668.0,,,,,,,,,,,,,,,,,,,,,,,,,,,,,,,,,,,,,,,,,,,,,,,,,,,,,,,,,,,,,,,,,,,,,,,,,,,,,,,,,,,,,,,,,,,,,,,,,,,,
2019-09-24,2019-09-24,24.16,24.34,22.45,22.52,63880942.0,,,,,,,,,,,,,,,,,,,,,,,,,,,,,,,,,,,,,,,,,,,,,,,,,,,,,,,,,,,,,,,,,,,,,,,,,,,,,,,,,,,,,,,,,,,,,,,,,,,,
2019-09-25,2019-09-25,23.61,24.97,23.4,24.1,43369035.0,,,,,,,,,,,,,,,,,,,,,,,,,,,,,,,,,,,,,,,,,,,,,,,,,,,,,,,,,,,,,,,,,,,,,,,,,,,,,,,,,,,,,,,,,,,,,,,,,,,,
2019-09-26,2019-09-26,23.81,24.26,23.53,23.55,31422590.0,,,,,,,,,,,,,,,,,,,,,,,,,,,,,,,,,,,,,,,,,,,,,,,,,,,,,,,,,,,,,,,,,,,,,,,,,,,,,,,,,,,,,,,,,,,,,,,,,,,,
2019-09-27,2019-09-27,24.46,25.115,23.38,23.51,54237460.0,,,,,,,,,,,,,,,,,,,,,,,,,,,,,,,,,,,,,,,,,,,,,,,,,,,,,,,,,,,,,,,,,,,,,,,,,,,,,,,,,,,,,,,,,,,,,,,,,,,,
2019-09-30,2019-09-30,23.74,24.21,23.48,24.18,24118716.0,,,,,,,,,,,,,,,,,,,,,,,,,,,,,,,,,,,,,,,,,,,,,,,,,,,,,,,,,,,,,,,,,,,,,,,,,,,,,,,,,,,,,,,,,,,,,,,,,,,,
2019-10-01,2019-10-01,24.79,24.8,23.05,23.13,48062831.0,,,,,,,,,,,,,,,,,,,,,,,,,,,,,,,,,,,,,,,,,,,,,,,,,,,,,,,,,,,,,,,,,,,,,,,,,,,,,,,,,,,,,,,,,,,,,,,,,,,,
2019-10-02,2019-10-02,26.45,26.76,25.47,25.48,84176579.0,,,,,,,,,,,,,,,,,,,,,,,,,,,,,,,,,,,,,,,,,,,,,,,,,,,,,,,,,,,,,,,,,,,,,,,,,,,,,,,,,,,,,,,,,,,,,,,,,,,,
2019-10-03,2019-10-03,25.44,27.1,25.43,26.36,51516387.0,,,,,,,,,,,,,,,,,,,,,,,,,,,,,,,,,,,,,,,,,,,,,,,,,,,,,,,,,,,,,,,,,,,,,,,,,,,,,,,,,,,,,,,,,,,,,,,,,,,,
2019-10-04,2019-10-04,24.09,25.27,24.05,25.25,29824933.0,,,,,,,,,,,,,,,,,,,,,,,,,,,,,,,,,,,,,,,,,,,,,,,,,,,,,,,,,,,,,,,,,,,,,,,,,,,,,,,,,,,,,,,,,,,,,,,,,,,,
2019-10-07,2019-10-07,24.27,24.68,23.76,24.42,29089980.0,,,,,,,,,,,,,,,,,,,,,,,,,,,,,,,,,,,,,,,,,,,,,,,,,,,,,,,,,,,,,,,,,,,,,,,,,,,,,,,,,,,,,,,,,,,,,,,,,,,,
2019-10-08,2019-10-08,26.24,26.27,24.93,25.2,49469482.0,,,,,,,,,,,,,,,,,,,,,,,,,,,,,,,,,,,,,,,,,,,,,,,,,,,,,,,,,,,,,,,,,,,,,,,,,,,,,,,,,,,,,,,,,,,,,,,,,,,,
2019-10-09,2019-10-09,25.36,25.83,24.76,25.45,30012701.0,,,,,,,,,,,,,,,,,,,,,,,,,,,,,,,,,,,,,,,,,,,,,,,,,,,,,,,,,,,,,,,,,,,,,,,,,,,,,,,,,,,,,,,,,,,,,,,,,,,,
2019-10-10,2019-10-10,24.43,25.4,24.355,25.32,34818530.0,,,,,,,,,,,,,,,,,,,,,,,,,,,,,,,,,,,,,,,,,,,,,,,,,,,,,,,,,,,,,,,,,,,,,,,,,,,,,,,,,,,,,,,,,,,,,,,,,,,,
2019-10-11,2019-10-11,23.02,23.82,22.62,23.7,74386222.0,,,,,,,,,,,,,,,,,,,,,,,,,,,,,,,,,,,,,,,,,,,,,,,,,,,,,,,,,,,,,,,,,,,,,,,,,,,,,,,,,,,,,,,,,,,,,,,,,,,,
2019-10-14,2019-10-14,22.27,23.11,22.24,23.09,30104234.0,,,,,,,,,,,,,,,,,,,,,,,,,,,,,,,,,,,,,,,,,,,,,,,,,,,,,,,,,,,,,,,,,,,,,,,,,,,,,,,,,,,,,,,,,,,,,,,,,,,,
2019-10-15,2019-10-15,21.69,21.9,21.36,21.84,46193742.0,,,,,,,,,,,,,,,,,,,,,,,,,,,,,,,,,,,,,,,,,,,,,,,,,,,,,,,,,,,,,,,,,,,,,,,,,,,,,,,,,,,,,,,,,,,,,,,,,,,,
2019-10-16,2019-10-16,21.42,21.88,21.37,21.66,28359123.0,,,,,,,,,,,,,,,,,,,,,,,,,,,,,,,,,,,,,,,,,,,,,,,,,,,,,,,,,,,,,,,,,,,,,,,,,,,,,,,,,,,,,,,,,,,,,,,,,,,,
2019-10-17,2019-10-17,21.29,21.43,20.965,21.21,26156003.0,,,,,,,,,,,,,,,,,,,,,,,,,,,,,,,,,,,,,,,,,,,,,,,,,,,,,,,,,,,,,,,,,,,,,,,,,,,,,,,,,,,,,,,,,,,,,,,,,,,,
2019-10-18,2019-10-18,21.24,21.76,21.03,21.38,32607762.0,,,,,,,,,,,,,,,,,,,,,,,,,,,,,,,,,,,,,,,,,,,,,,,,,,,,,,,,,,,,,,,,,,,,,,,,,,,,,,,,,,,,,,,,,,,,,,,,,,,,
