date,Underlying_date,Underlying_close,Underlying_high,Underlying_low,Underlying_open,Underlying_volume,20.0_close,20.0_high,20.0_low,20.0_open,20.0_volume,20.5_close,20.5_high,20.5_low,20.5_open,20.5_volume,21.0_close,21.0_high,21.0_low,21.0_open,21.0_volume,21.5_close,21.5_high,21.5_low,21.5_open,21.5_volume,22.0_close,22.0_high,22.0_low,22.0_open,22.0_volume,22.5_close,22.5_high,22.5_low,22.5_open,22.5_volume,23.0_close,23.0_high,23.0_low,23.0_open,23.0_volume,23.5_close,23.5_high,23.5_low,23.5_open,23.5_volume,24.0_close,24.0_high,24.0_low,24.0_open,24.0_volume,24.5_close,24.5_high,24.5_low,24.5_open,24.5_volume,25.0_close,25.0_high,25.0_low,25.0_open,25.0_volume,25.5_close,25.5_high,25.5_low,25.5_open,25.5_volume,26.0_close,26.0_high,26.0_low,26.0_open,26.0_volume,26.5_close,26.5_high,26.5_low,26.5_open,26.5_volume,27.0_close,27.0_high,27.0_low,27.0_open,27.0_volume,27.5_close,27.5_high,27.5_low,27.5_open,27.5_volume,28.0_close,28.0_high,28.0_low,28.0_open,28.0_volume,28.5_close,28.5_high,28.5_low,28.5_open,28.5_volume,29.0_close,29.0_high,29.0_low,29.0_open,29.0_volume
2019-05-06,2019-05-06,26.86,28.22,26.66,27.96,43610349.0,0.9,0.93,0.85,0.85,68.0,,,,,,1.41,1.41,1.25,1.25,22.0,,,,,,,,,,,,,,,,,,,,,,,,,,2.49,2.64,2.42,2.56,544.0,,,,,,3.3,3.35,2.92,3.12,97.0,,,,,,3.89,4.01,3.6,3.65,21.0,,,,,,4.64,4.64,4.15,4.18,77.0,,,,,,4.95,5.0,4.75,5.0,102.0,,,,,,5.45,5.75,5.45,5.75,7.0
2019-05-07,2019-05-07,31.33,32.07,28.14,28.41,85493717.0,0.48,0.65,0.48,0.65,78.0,,,,,,0.67,0.67,0.67,0.67,2.0,,,,,,0.99,1.14,0.94,1.03,5014.0,,,,,,1.29,2.08,1.29,2.08,5.0,,,,,,1.63,2.26,1.63,2.26,118.0,,,,,,2.28,2.75,1.9,2.74,657.0,,,,,,2.54,3.2,2.54,3.2,51.0,,,,,,3.25,3.55,2.89,3.47,47.0,,,,,,3.53,4.83,3.5,4.83,137.0,,,,,,4.2,4.9,4.2,4.8,70.0
2019-05-08,2019-05-08,30.71,31.54,29.61,30.99,44684771.0,0.6,0.61,0.57,0.61,215.0,,,,,,,,,,,,,,,,,,,,,,,,,,1.48,1.55,1.47,1.55,202.0,,,,,,2.05,2.05,1.82,1.82,51.0,,,,,,2.28,2.36,2.23,2.25,24.0,,,,,,2.69,2.95,2.66,2.66,134.0,,,,,,3.45,3.45,3.45,3.45,10.0,,,,,,4.0,4.15,4.0,4.15,4.0,,,,,,4.4,4.4,4.2,4.2,51.0
2019-05-09,2019-05-09,30.55,33.29,30.46,32.4,60451039.0,0.55,0.55,0.45,0.45,225.0,,,,,,0.71,0.71,0.71,0.71,20.0,,,,,,0.85,0.85,0.83,0.83,5002.0,,,,,,,,,,,,,,,,1.58,1.58,1.4,1.48,13.0,,,,,,2.15,2.15,1.72,1.95,816.0,,,,,,2.52,2.52,2.11,2.17,55.0,,,,,,3.1,3.1,2.61,2.75,394.0,,,,,,3.52,3.52,3.07,3.08,18.0,,,,,,4.1,4.2,3.7,3.7,64.0
2019-05-10,2019-05-10,28.19,31.6399,28.19,30.88,60955834.0,0.77,0.77,0.59,0.59,35.0,,,,,,1.04,1.04,1.04,1.04,3000.0,,,,,,1.35,1.35,1.0,1.0,6.0,,,,,,1.61,1.65,1.31,1.31,17.0,,,,,,2.07,2.07,1.86,1.86,147.0,,,,,,2.65,2.65,1.97,2.17,105.0,,,,,,2.4,2.5,2.4,2.5,3.0,,,,,,3.6,3.6,2.94,2.94,114.0,,,,,,4.05,4.05,3.5,3.93,17.0,,,,,,4.9,4.9,4.35,4.35,203.0
2019-05-13,2019-05-13,32.45,32.59,30.82,31.67,60055151.0,0.47,0.47,0.42,0.42,35.0,,,,,,0.64,0.64,0.64,0.64,1.0,,,,,,0.85,0.91,0.84,0.91,8.0,,,,,,1.25,1.25,1.14,1.14,220.0,,,,,,1.6,1.6,1.37,1.51,204.0,,,,,,1.78,2.02,1.72,2.02,272.0,,,,,,2.19,2.41,2.19,2.41,48.0,,,,,,2.71,2.9,2.65,2.9,88.0,,,,,,3.12,3.45,3.05,3.3,29.0,,,,,,3.8,3.95,3.6,3.95,46.0
2019-05-14,2019-05-14,30.65,31.44,30.23,31.24,36854411.0,0.49,0.49,0.48,0.48,53.0,,,,,,,,,,,,,,,,,,,,,,,,,,1.3,1.3,1.3,1.3,10.0,,,,,,1.53,1.6,1.53,1.6,6.0,,,,,,1.99,2.04,1.95,2.0,17.0,,,,,,2.45,2.48,2.39,2.42,19.0,,,,,,2.96,2.96,2.91,2.91,16.0,,,,,,,,,,,,,,,,4.0,4.0,4.0,4.0,10.0
2019-05-15,2019-05-15,29.36,31.7179,29.27,31.5,32088264.0,0.51,0.51,0.5,0.5,8.0,,,,,,0.78,0.78,0.78,0.78,4.0,,,,,,1.05,1.05,1.0,1.0,8.0,,,,,,,,,,,,,,,,1.78,1.81,1.78,1.81,2.0,,,,,,2.21,2.21,1.78,1.78,16.0,,,,,,2.72,2.72,2.15,2.15,13.0,,,,,,3.2,3.2,3.2,3.2,1.0,,,,,,3.65,3.65,3.12,3.12,3.0,,,,,,4.5,4.5,3.68,3.68,23.0
2019-05-16,2019-05-16,28.1,29.1499,27.91,29.13,31128917.0,0.65,0.65,0.65,0.65,27.0,,,,,,0.93,0.95,0.9,0.9,24.0,,,,,,1.28,1.3,1.23,1.23,6.0,,,,,,1.68,1.68,1.65,1.67,106.0,,,,,,2.14,2.14,2.05,2.13,127.0,,,,,,2.51,2.63,2.51,2.54,1408.0,,,,,,3.15,3.15,3.12,3.12,2.0,,,,,,3.7,3.85,3.4,3.4,77.0,,,,,,4.28,4.4,4.28,4.35,106.0,,,,,,4.99,5.0,4.98,4.98,19.0
2019-05-17,2019-05-17,28.52,29.26,27.73,29.24,43742319.0,0.72,0.72,0.59,0.59,24.0,,,,,,1.0,1.0,1.0,1.0,13.0,,,,,,1.34,1.34,1.3,1.3,6.0,,,,,,,,,,,,,,,,2.07,2.07,1.95,2.03,32.0,,,,,,2.54,2.72,2.15,2.15,132.0,,,,,,3.15,3.25,3.15,3.25,31.0,,,,,,3.6,3.85,3.5,3.5,120.0,,,,,,4.27,4.47,4.1,4.13,75.0,,,,,,5.06,5.06,4.7,4.7,14.0
2019-05-20,2019-05-20,28.94,29.8,28.4,29.31,32737337.0,0.69,0.69,0.69,0.69,2.0,,,,,,0.84,0.88,0.84,0.88,204.0,,,,,,,,,,,,,,,,1.5,1.5,1.4,1.4,157.0,,,,,,1.99,1.99,1.82,1.82,302.0,,,,,,2.39,2.39,2.39,2.39,50.0,,,,,,2.97,2.97,2.8,2.8,5.0,,,,,,,,,,,,,,,,4.16,4.16,3.75,3.87,68.0,,,,,,4.78,4.78,4.55,4.55,4.0
2019-05-21,2019-05-21,27.48,28.02,27.39,28.0,23455232.0,0.75,0.75,0.72,0.73,12.0,,,,,,1.05,1.05,1.05,1.05,18.0,,,,,,1.35,1.35,1.35,1.35,2.0,,,,,,1.83,1.83,1.8,1.82,100.0,,,,,,2.31,2.31,2.24,2.26,1030.0,,,,,,2.85,2.85,2.7,2.75,1443.0,,,,,,3.35,3.36,3.29,3.29,4.0,,,,,,4.05,4.05,3.8,3.85,13.0,,,,,,4.65,4.65,4.5,4.5,13.0,,,,,,5.3,5.3,5.3,5.3,1.0
2019-05-22,2019-05-22,27.22,27.69,26.93,27.6,28075437.0,,,,,,,,,,,,,,,,,,,,,1.52,1.52,1.52,1.52,1.0,,,,,,1.93,1.93,1.81,1.81,101.0,,,,,,2.47,2.47,2.29,2.35,1354.0,,,,,,3.0,3.0,2.78,2.78,180.0,,,,,,3.5,3.5,3.4,3.4,11.0,,,,,,4.21,4.21,3.95,3.97,63.0,,,,,,4.79,4.88,4.56,4.56,16.0,,,,,,5.53,5.53,5.53,5.53,17.0
2019-05-23,2019-05-23,29.02,29.5,28.25,28.25,42745667.0,0.64,0.68,0.63,0.68,94.0,,,,,,0.85,0.85,0.85,0.85,3.0,,,,,,1.17,1.26,1.15,1.26,52.0,,,,,,1.57,1.64,1.54,1.64,79.0,,,,,,2.12,2.12,2.12,2.12,30.0,,,,,,2.44,2.6,2.39,2.39,146.0,,,,,,2.95,3.1,2.95,3.1,15.0,,,,,,3.53,3.7,3.4,3.66,79.0,,,,,,3.99,4.11,3.98,4.1,23.0,,,,,,4.8,4.94,4.6,4.88,55.0
2019-05-24,2019-05-24,28.42,28.8,27.88,28.17,24589353.0,0.67,0.7,0.67,0.7,62.0,,,,,,,,,,,,,,,,1.32,1.32,1.3,1.3,305.0,,,,,,1.69,1.7,1.68,1.7,650.0,,,,,,2.14,2.16,2.1,2.16,165.0,,,,,,2.65,2.67,2.5,2.61,219.0,,,,,,3.18,3.2,3.18,3.2,154.0,,,,,,3.68,3.68,3.68,3.68,50.0,,,,,,4.36,4.36,4.16,4.16,122.0,,,,,,,,,,
2019-05-28,2019-05-28,29.27,29.27,27.76,28.22,22138340.0,0.69,0.69,0.69,0.69,60.0,,,,,,,,,,,,,,,,1.35,1.35,1.35,1.35,2.0,,,,,,,,,,,,,,,,,,,,,,,,,,2.4,2.67,2.35,2.59,122.0,,,,,,2.88,3.12,2.88,3.12,4.0,,,,,,3.65,3.65,3.65,3.65,10.0,,,,,,3.95,4.35,3.95,4.35,26.0,,,,,,,,,,
2019-05-29,2019-05-29,29.84,30.3701,29.32,29.89,33021038.0,0.47,0.53,0.47,0.51,31.0,,,,,,0.72,0.72,0.72,0.72,215.0,,,,,,0.99,1.02,0.97,1.0,18.0,,,,,,1.27,1.27,1.27,1.27,4.0,,,,,,1.7,1.73,1.62,1.71,301.0,,,,,,2.17,2.17,2.04,2.07,58.0,,,,,,2.67,2.67,2.5,2.5,8.0,,,,,,2.99,3.15,2.99,3.1,57.0,,,,,,3.57,3.72,3.57,3.67,163.0,,,,,,4.35,4.45,4.15,4.27,111.0
2019-05-30,2019-05-30,29.31,29.88,28.845,29.11,20277162.0,,,,,,,,,,,0.77,0.77,0.77,0.77,3.0,,,,,,1.03,1.03,1.03,1.03,8.0,,,,,,,,,,,,,,,,1.76,1.76,1.75,1.75,10.0,,,,,,2.12,2.26,2.12,2.26,28.0,,,,,,2.84,2.84,2.84,2.84,5.0,,,,,,3.25,3.25,3.1,3.1,4.0,,,,,,3.68,3.95,3.67,3.95,24.0,,,,,,4.5,4.61,4.45,4.61,32.0
2019-05-31,2019-05-31,30.42,30.89,29.905,30.73,28925166.0,0.44,0.44,0.44,0.44,20.0,,,,,,0.62,0.62,0.62,0.62,1.0,,,,,,0.91,0.91,0.84,0.84,33.0,,,,,,,,,,,,,,,,1.56,1.56,1.47,1.47,113.0,,,,,,1.9,1.98,1.88,1.98,46.0,,,,,,2.37,2.42,2.33,2.33,108.0,,,,,,2.82,2.82,2.79,2.79,58.0,,,,,,3.4,3.4,3.4,3.4,4.0,,,,,,4.07,4.15,3.83,3.83,338.0
2019-06-03,2019-06-03,30.73,31.41,29.8199,30.4,29037266.0,0.44,0.44,0.44,0.44,1.0,,,,,,,,,,,,,,,,0.74,0.79,0.74,0.79,60.0,,,,,,,,,,,,,,,,1.36,1.6,1.36,1.45,24.0,,,,,,1.77,2.02,1.74,1.96,90.0,,,,,,2.22,2.49,2.17,2.49,8.0,,,,,,2.95,2.95,2.95,2.95,1.0,,,,,,3.16,3.16,3.1,3.1,25.0,,,,,,3.87,4.1,3.87,4.1,42.0
2019-06-04,2019-06-04,29.02,30.24,29.0,29.81,24171477.0,0.47,0.47,0.47,0.47,10.0,,,,,,,,,,,,,,,,0.95,0.95,0.94,0.95,82.0,,,,,,1.29,1.29,1.27,1.27,2.0,,,,,,1.68,1.7,1.58,1.58,179.0,,,,,,2.11,2.11,2.04,2.04,112.0,,,,,,2.53,2.6,2.53,2.6,16.0,,,,,,3.15,3.15,3.05,3.05,10.0,,,,,,3.75,3.75,3.55,3.55,2.0,,,,,,4.3,4.3,4.07,4.07,11.0
2019-06-05,2019-06-05,28.46,29.33,28.31,28.65,23479972.0,0.48,0.48,0.48,0.48,4.0,,,,,,0.67,0.67,0.67,0.67,3.0,,,,,,0.99,0.99,0.99,0.99,2.0,,,,,,1.37,1.37,1.37,1.37,100.0,,,,,,1.82,1.82,1.82,1.82,20.0,,,,,,2.12,2.12,2.12,2.12,4.0,,,,,,2.75,2.75,2.65,2.65,36.0,,,,,,3.28,3.28,3.2,3.2,9.0,,,,,,3.95,3.95,3.95,3.95,1.0,,,,,,4.35,4.35,4.35,4.35,1.0
2019-06-06,2019-06-06,27.85,28.55,27.77,28.24,18497198.0,0.54,0.55,0.54,0.55,120.0,,,,,,0.79,0.79,0.78,0.78,230.0,,,,,,,,,,,,,,,,,,,,,,,,,,1.92,1.92,1.84,1.84,252.0,,,,,,2.28,2.28,2.26,2.27,175.0,,,,,,2.85,2.85,2.83,2.83,7.0,,,,,,3.45,3.45,3.4,3.4,7.0,,,,,,4.15,4.15,4.05,4.13,127.0,,,,,,4.7,4.7,4.7,4.7,11.0
2019-06-07,2019-06-07,28.06,28.1615,27.6,27.77,23326873.0,0.56,0.58,0.56,0.58,1080.0,,,,,,,,,,,,,,,,1.12,1.12,1.12,1.12,1.0,,,,,,1.45,1.45,1.44,1.44,40.0,,,,,,1.91,1.93,1.87,1.93,115.0,,,,,,2.37,2.47,2.32,2.45,126.0,,,,,,2.9,2.99,2.85,2.99,11.0,,,,,,3.46,3.57,3.4,3.57,10.0,,,,,,4.05,4.3,4.04,4.25,1149.0,,,,,,4.75,4.75,4.75,4.75,600.0
2019-06-10,2019-06-10,27.86,28.24,27.61,27.71,14480560.0,0.5,0.5,0.5,0.5,35.0,,,,,,,,,,,,,,,,1.04,1.06,1.04,1.05,7.0,,,,,,,,,,,,,,,,1.88,1.88,1.86,1.86,95.0,,,,,,2.34,2.45,2.34,2.45,56.0,,,,,,2.9,2.9,2.9,2.9,1.0,,,,,,3.52,3.52,3.45,3.45,21.0,,,,,,4.05,4.13,4.0,4.13,4.0,,,,,,4.75,4.75,4.75,4.75,4.0
2019-06-11,2019-06-11,27.91,28.3,27.3,27.4,18841531.0,,,,,,,,,,,,,,,,,,,,,1.01,1.11,1.01,1.09,10.0,,,,,,1.37,1.37,1.37,1.37,20.0,,,,,,1.8,1.94,1.8,1.94,6.0,,,,,,2.25,2.34,2.25,2.32,26.0,,,,,,,,,,,,,,,,3.3,3.45,3.3,3.45,44.0,,,,,,3.93,4.22,3.8,4.22,9.0,,,,,,4.9,4.9,4.9,4.9,10.0
2019-06-12,2019-06-12,27.78,28.3,27.66,28.11,14225241.0,,,,,,,,,,,,,,,,,,,,,0.99,0.99,0.98,0.98,4.0,,,,,,1.29,1.29,1.29,1.29,20.0,,,,,,1.77,1.77,1.77,1.77,4.0,,,,,,2.27,2.27,2.17,2.17,28.0,,,,,,,,,,,,,,,,3.24,3.25,3.24,3.25,25.0,,,,,,3.87,3.87,3.87,3.87,2.0,,,,,,4.65,4.65,4.65,4.65,66.0
2019-06-13,2019-06-13,27.61,27.905,27.33,27.45,17051858.0,0.45,0.46,0.45,0.46,2.0,,,,,,0.75,0.75,0.74,0.75,12.0,,,,,,1.02,1.02,1.02,1.02,87.0,,,,,,1.43,1.43,1.43,1.43,2.0,,,,,,1.85,1.86,1.85,1.85,21.0,,,,,,2.36,2.36,2.36,2.36,1.0,,,,,,2.87,2.9,2.82,2.82,9.0,,,,,,3.47,3.47,3.47,3.47,20.0,,,,,,,,,,,,,,,,4.85,4.85,4.85,4.85,8.0
2019-06-14,2019-06-14,27.32,28.06,27.28,27.8,13682989.0,0.47,0.47,0.45,0.45,3.0,,,,,,0.72,0.72,0.67,0.67,3.0,,,,,,,,,,,,,,,,1.39,1.39,1.39,1.39,40.0,,,,,,1.74,1.74,1.74,1.74,10.0,,,,,,2.27,2.27,2.27,2.27,1.0,,,,,,,,,,,,,,,,3.45,3.45,3.3,3.3,244.0,,,,,,,,,,,,,,,,4.6,4.7,4.55,4.55,97.0
2019-06-17,2019-06-17,27.03,27.36,26.8815,27.29,14470210.0,0.47,0.48,0.46,0.48,1225.0,,,,,,,,,,,,,,,,1.07,1.08,1.02,1.05,23.0,,,,,,,,,,,,,,,,1.85,1.85,1.85,1.85,3.0,,,,,,2.4,2.4,2.3,2.3,28.0,,,,,,2.92,3.0,2.88,2.88,8.0,,,,,,3.58,3.58,3.48,3.48,37.0,,,,,,4.28,4.29,4.27,4.29,11.0,,,,,,4.9,4.9,4.9,4.9,36.0
2019-06-18,2019-06-18,26.82,26.98,26.35,26.54,24889651.0,0.54,0.54,0.54,0.54,1.0,,,,,,0.77,4.86,0.77,4.86,11.0,,,,,,1.06,1.21,1.06,1.21,8.0,,,,,,1.5,1.61,1.5,1.56,1140.0,,,,,,1.93,1.93,1.93,1.93,5.0,,,,,,2.58,2.61,2.57,2.57,305.0,,,,,,2.98,3.2,2.98,3.15,29.0,,,,,,3.65,3.85,3.65,3.83,27.0,,,,,,4.25,4.5,4.25,4.47,3.0,,,,,,5.2,5.2,5.16,5.16,163.0
2019-06-19,2019-06-19,25.93,26.93,25.88,26.65,29671248.0,0.54,0.54,0.49,0.5,2107.0,,,,,,0.8,0.8,0.79,0.79,2.0,,,,,,1.1,1.1,1.1,1.1,3.0,,,,,,1.6,1.6,1.5,1.5,11.0,,,,,,2.16,2.16,1.95,2.0,42.0,,,,,,2.72,2.72,2.67,2.67,104.0,,,,,,3.24,3.24,3.15,3.15,236.0,,,,,,3.95,3.95,3.65,3.65,153.0,,,,,,,,,,,,,,,,,,,,
2019-06-20,2019-06-20,26.01,26.82,25.26,25.46,34444193.0,0.54,0.62,0.52,0.62,1081.0,,,,,,0.81,0.81,0.8,0.8,35.0,,,,,,1.25,1.28,1.12,1.28,16.0,,,,,,1.57,1.57,1.57,1.57,4.0,,,,,,2.15,2.36,2.04,2.18,235.0,,,,,,2.74,2.81,2.54,2.68,47.0,,,,,,3.35,3.35,3.21,3.21,12.0,,,,,,4.11,4.11,4.11,4.11,1.0,,,,,,4.6,4.64,4.6,4.64,21.0,,,,,,5.3,5.3,5.3,5.3,47.0
2019-06-21,2019-06-21,26.62,26.81,25.885,26.2,19740690.0,0.49,0.51,0.49,0.51,290.0,,,,,,,,,,,,,,,,1.11,1.14,1.11,1.14,2012.0,,,,,,1.38,1.59,1.38,1.59,13.0,,,,,,1.93,2.07,1.93,2.06,244.0,,,,,,2.57,2.61,2.57,2.61,6.0,,,,,,3.05,3.25,3.05,3.25,67.0,,,,,,3.85,3.85,3.85,3.85,10.0,,,,,,4.49,4.55,4.49,4.55,20.0,,,,,,4.9,5.35,4.9,5.35,12.0
2019-06-24,2019-06-24,26.38,26.52,26.14,26.45,12634966.0,0.45,0.47,0.43,0.43,819.0,,,,,,0.71,0.71,0.71,0.71,10.0,,,,,,1.04,1.07,1.01,1.01,643.0,,,,,,,,,,,,,,,,1.95,1.95,1.88,1.92,171.0,,,,,,2.5,2.51,2.4,2.43,82.0,,,,,,3.07,3.1,3.0,3.0,24.0,,,,,,3.65,3.75,3.65,3.65,121.0,,,,,,4.35,4.4,4.35,4.4,23.0,,,,,,5.1,5.15,5.1,5.1,59.0
2019-06-25,2019-06-25,27.05,27.181,26.37,26.4,17296855.0,0.38,0.44,0.38,0.43,496.0,,,,,,0.63,0.63,0.63,0.63,1.0,,,,,,0.92,0.98,0.92,0.98,17.0,,,,,,1.33,1.4,1.33,1.35,22.0,,,,,,1.69,1.95,1.69,1.95,289.0,,,,,,2.23,2.38,2.18,2.38,6.0,,,,,,2.75,2.8,2.75,2.8,2.0,,,,,,3.4,3.6,3.4,3.55,148.0,,,,,,4.18,4.2,4.18,4.2,35.0,,,,,,,,,,
2019-06-26,2019-06-26,26.84,27.05,26.39,26.52,13586640.0,0.38,0.41,0.38,0.41,87.0,,,,,,0.63,0.63,0.63,0.63,5.0,,,,,,0.93,0.98,0.93,0.98,21.0,,,,,,1.35,1.35,1.35,1.35,2.0,,,,,,1.74,1.75,1.74,1.75,67.0,,,,,,,,,,,,,,,,2.86,2.86,2.86,2.86,1.0,,,,,,3.5,3.6,3.5,3.6,21.0,,,,,,,,,,,,,,,,,,,,
2019-06-27,2019-06-27,26.42,26.795,26.2,26.65,14890831.0,0.43,0.43,0.4,0.4,265.0,,,,,,0.65,0.65,0.61,0.61,2.0,,,,,,1.02,1.06,0.96,0.96,2038.0,,,,,,1.46,1.46,1.35,1.35,4.0,,,,,,1.93,1.93,1.85,1.85,22.0,,,,,,2.45,2.5,2.4,2.4,16.0,,,,,,,,,,,,,,,,3.65,3.65,3.65,3.65,20.0,,,,,,4.32,4.32,4.2,4.22,24.0,,,,,,,,,,
2019-06-28,2019-06-28,26.0,26.3,25.87,26.13,17624656.0,0.47,0.47,0.45,0.45,217.0,,,,,,0.74,0.74,0.72,0.72,20.0,,,,,,1.2,1.2,1.08,1.08,49.0,,,,,,1.51,1.51,1.51,1.51,42.0,,,,,,2.2,2.2,1.95,1.95,71.0,,,,,,2.7,2.7,2.5,2.5,1101.0,,,,,,3.2,3.2,3.08,3.08,21.0,,,,,,3.85,3.85,3.74,3.74,90.0,,,,,,4.48,4.48,4.47,4.47,10.0,,,,,,,,,,
2019-07-01,2019-07-01,24.56,25.08,24.46,24.55,30302465.0,0.6,0.69,0.55,0.69,501.0,,,,,,0.94,0.99,0.9,0.99,46.0,,,,,,1.37,1.44,1.28,1.44,87.0,,,,,,1.83,1.85,1.81,1.83,69.0,,,,,,2.4,2.43,2.28,2.3,62.0,,,,,,3.05,3.2,2.86,3.1,478.0,,,,,,3.6,3.85,3.5,3.85,67.0,,,,,,4.2,4.54,4.2,4.54,56.0,,,,,,4.98,5.3,4.98,5.25,80.0,,,,,,6.04,6.1,5.95,6.1,166.0
2019-07-02,2019-07-02,23.65,24.6,23.61,24.6,26022509.0,0.8,0.8,0.65,0.69,3162.0,,,,,,1.08,1.09,0.94,0.95,45.0,,,,,,1.7,1.7,1.38,1.38,56.0,,,,,,2.22,2.23,1.9,1.9,152.0,,,,,,2.85,2.85,2.55,2.55,48.0,,,,,,3.58,3.6,3.13,3.13,1607.0,,,,,,4.15,4.15,3.8,3.8,117.0,,,,,,4.7,4.78,4.5,4.67,235.0,,,,,,5.55,5.6,5.55,5.6,12.0,,,,,,6.65,6.65,6.1,6.25,629.0
2019-07-03,2019-07-03,23.51,23.88,23.42,23.67,15809303.0,0.85,0.86,0.76,0.76,3023.0,,,,,,1.24,1.24,1.17,1.17,267.0,,,,,,1.7,1.7,1.62,1.66,41.0,,,,,,2.3,2.3,2.2,2.21,35.0,,,,,,2.99,2.99,2.77,2.82,175.0,,,,,,3.6,3.65,3.45,3.45,163.0,,,,,,4.37,4.37,4.18,4.18,16.0,,,,,,4.91,4.93,4.91,4.93,7.0,,,,,,5.95,5.95,5.8,5.8,121.0,,,,,,6.6,6.63,6.55,6.63,112.0
2019-07-05,2019-07-05,23.58,24.71,23.5,24.01,24124885.0,0.77,0.77,0.66,0.68,61.0,,,,,,1.06,1.06,0.99,0.99,111.0,,,,,,1.62,1.67,1.47,1.47,14.0,,,,,,2.22,2.27,1.92,2.02,22.0,,,,,,2.79,3.0,2.47,3.0,288.0,,,,,,3.59,3.59,3.05,3.3,230.0,,,,,,4.05,4.05,4.05,4.05,1.0,,,,,,,,,,,,,,,,5.83,5.83,5.83,5.83,10.0,,,,,,6.25,6.25,6.25,6.25,6.0
2019-07-08,2019-07-08,24.23,24.47,23.9,24.12,18014371.0,0.65,0.66,0.61,0.63,138.0,,,,,,1.01,1.03,0.96,1.03,114.0,,,,,,1.42,1.57,1.42,1.57,28.0,,,,,,1.96,1.96,1.95,1.96,23.0,,,,,,2.64,2.66,2.5,2.63,135.0,,,,,,3.21,3.31,3.2,3.26,65.0,,,,,,4.1,4.1,3.82,4.0,49.0,,,,,,4.61,4.7,4.61,4.66,21.0,,,,,,5.4,5.53,5.4,5.53,50.0,,,,,,6.35,6.5,6.35,6.5,12.0
2019-07-09,2019-07-09,24.3,24.96,24.22,24.96,15024150.0,0.6,0.61,0.55,0.55,72.0,,,,,,0.95,0.95,0.9,0.91,104.0,,,,,,1.38,1.42,1.3,1.3,157.0,,,,,,1.89,1.94,1.89,1.94,6.0,,,,,,2.52,2.54,2.36,2.36,116.0,,,,,,3.15,3.15,2.99,2.99,3.0,,,,,,3.87,3.87,3.77,3.77,24.0,,,,,,4.61,4.61,4.61,4.61,2.0,,,,,,5.37,5.37,5.15,5.15,51.0,,,,,,,,,,
2019-07-10,2019-07-10,23.56,23.9869,23.495,23.98,19868046.0,0.72,0.72,0.7,0.7,6.0,,,,,,1.14,1.14,1.07,1.07,82.0,,,,,,1.64,1.64,1.55,1.59,110.0,,,,,,2.2,2.2,2.07,2.07,47.0,,,,,,2.83,2.83,2.65,2.7,791.0,,,,,,3.55,3.55,3.42,3.42,37.0,,,,,,4.15,4.15,4.13,4.13,26.0,,,,,,5.05,5.05,5.05,5.05,1.0,,,,,,5.8,5.82,5.7,5.82,67.0,,,,,,6.5,6.5,6.5,6.5,3.0
2019-07-11,2019-07-11,23.17,23.6,23.025,23.23,21061186.0,0.82,0.83,0.55,0.55,1627.0,,,,,,1.2,1.28,1.17,1.28,24.0,,,,,,1.79,1.82,1.69,1.8,130.0,,,,,,2.29,2.42,2.27,2.39,87.0,,,,,,3.0,3.1,2.91,2.99,163.0,,,,,,3.7,3.83,3.65,3.7,168.0,,,,,,4.53,4.6,4.5,4.5,29.0,,,,,,5.25,5.4,5.23,5.35,20.0,,,,,,6.06,6.1,6.04,6.05,16.0,,,,,,,,,,
2019-07-12,2019-07-12,22.8,23.19,22.75,23.01,18425836.0,0.92,0.92,0.85,0.88,1210.0,,,,,,1.36,1.38,1.28,1.3,268.0,,,,,,1.94,1.94,1.83,1.87,6199.0,,,,,,2.6,2.6,2.43,2.46,534.0,,,,,,3.25,3.25,3.1,3.1,77.0,,,,,,4.0,4.0,3.83,3.86,47.0,,,,,,4.76,4.76,4.6,4.6,23.0,,,,,,5.55,5.55,5.43,5.43,19.0,,,,,,6.3,6.3,6.3,6.3,1.0,,,,,,7.2,7.2,7.15,7.15,2.0
2019-07-15,2019-07-15,22.71,22.93,22.58,22.69,15945412.0,0.92,0.96,0.87,0.92,654.0,,,,,,1.37,1.5,1.32,1.5,1855.0,,,,,,1.94,1.97,1.87,1.93,469.0,,,,,,2.53,2.56,2.5,2.55,43.0,,,,,,3.25,3.3,3.17,3.25,1081.0,,,,,,4.08,4.08,3.93,3.97,128.0,,,,,,4.75,4.77,4.72,4.77,39.0,,,,,,5.66,5.66,5.6,5.6,5.0,,,,,,6.4,6.4,6.4,6.4,20.0,,,,,,7.28,7.31,7.22,7.31,12.0
2019-07-16,2019-07-16,22.78,22.9,22.29,22.6,25415471.0,0.96,1.03,0.84,0.84,1244.0,,,,,,1.42,1.54,1.34,1.48,102.0,,,,,,2.01,2.11,1.9,2.04,249.0,,,,,,2.67,2.74,2.52,2.73,1405.0,,,,,,3.2,3.38,3.2,3.35,205.0,,,,,,3.95,4.26,3.95,4.13,368.0,,,,,,4.85,5.03,4.75,5.03,67.0,,,,,,5.6,5.9,5.6,5.88,21.0,,,,,,6.55,6.7,6.37,6.65,16.0,,,,,,7.35,7.57,7.35,7.57,11.0
2019-07-17,2019-07-17,23.36,23.36,22.44,22.58,29056917.0,0.76,0.98,0.76,0.97,1028.0,,,,,,1.23,1.41,1.23,1.41,571.0,,,,,,1.74,2.03,1.74,2.01,158.0,,,,,,2.31,2.69,2.31,2.69,145.0,,,,,,2.95,3.4,2.95,3.4,201.0,,,,,,3.85,4.0,3.8,4.0,355.0,,,,,,4.39,4.97,4.39,4.97,242.0,,,,,,5.52,5.59,5.37,5.37,293.0,,,,,,,,,,,,,,,,,,,,
2019-07-18,2019-07-18,23.115,23.715,22.71,23.34,27076320.0,0.76,0.82,0.65,0.76,13127.0,,,,,,1.21,1.25,1.08,1.16,408.0,,,,,,1.69,1.83,1.53,1.68,247.0,,,,,,2.35,2.45,2.11,2.24,171.0,,,,,,3.15,3.15,2.75,2.97,184.0,,,,,,3.65,3.92,3.48,3.63,83.0,,,,,,4.6,4.6,4.23,4.33,22.0,,,,,,5.35,5.35,5.25,5.25,93.0,,,,,,6.23,6.23,5.95,5.95,198.0,,,,,,7.1,7.15,6.64,6.64,20.0
2019-07-19,2019-07-19,23.38,23.43,22.59,22.67,26220800.0,0.62,0.82,0.62,0.82,2200.0,,,,,,1.05,1.28,1.05,1.26,3175.0,,,,,,1.63,1.84,1.63,1.84,190.0,,,,,,2.15,2.48,2.13,2.41,153.0,,,,,,2.78,3.17,2.78,3.12,161.0,,,,,,3.65,3.92,3.62,3.92,191.0,,,,,,4.55,4.68,4.55,4.68,7.0,,,,,,5.45,5.5,5.45,5.5,3.0,,,,,,6.38,6.4,6.33,6.33,11.0,,,,,,6.7,7.26,6.7,7.26,4.0
2019-07-22,2019-07-22,22.91,23.48,22.74,23.35,21908515.0,0.65,0.69,0.59,0.68,1121.0,,,,,,1.07,1.12,0.98,1.05,1660.0,,,,,,1.62,1.66,1.34,1.34,208.0,,,,,,2.22,2.27,2.05,2.15,1297.0,,,,,,2.93,2.96,2.76,2.76,253.0,,,,,,3.7,3.7,3.45,3.51,422.0,,,,,,4.43,4.43,4.26,4.26,12.0,,,,,,5.28,5.3,5.01,5.01,65.0,,,,,,6.1,6.1,5.83,5.85,13.0,,,,,,,,,,
2019-07-23,2019-07-23,22.1,22.88,22.08,22.51,18943361.0,0.86,0.86,0.72,0.73,223.0,,,,,,1.38,1.38,1.16,1.19,3760.0,,,,,,2.01,2.01,1.76,1.78,930.0,,,,,,2.64,2.65,2.27,2.42,490.0,,,,,,3.4,3.4,2.94,3.13,477.0,,,,,,4.2,4.23,3.75,3.88,59.0,,,,,,5.0,5.0,4.5,4.7,64.0,,,,,,5.88,5.88,5.55,5.55,4.0,,,,,,6.35,6.41,6.35,6.41,5.0,,,,,,7.55,7.55,7.3,7.3,607.0
2019-07-24,2019-07-24,21.54,22.37,21.41,22.34,18825276.0,1.14,1.17,0.84,0.85,3931.0,,,,,,1.69,1.72,1.32,1.32,1407.0,,,,,,2.31,2.36,1.92,1.92,344.0,,,,,,3.08,3.08,2.64,2.64,243.0,,,,,,3.81,3.81,3.45,3.45,271.0,,,,,,4.65,4.65,4.09,4.1,85.0,,,,,,5.52,5.52,5.1,5.1,104.0,,,,,,6.37,6.37,5.8,5.8,19.0,,,,,,7.1,7.1,6.92,6.92,35.0,,,,,,8.1,8.1,7.79,7.79,123.0
2019-07-25,2019-07-25,22.2,22.6,21.66,21.66,29862313.0,0.97,1.04,0.88,1.02,387.0,,,,,,1.45,1.64,1.41,1.64,3369.0,,,,,,2.06,2.19,1.93,2.19,2926.0,,,,,,2.7,2.92,2.57,2.82,77.0,,,,,,3.5,3.6,3.35,3.59,194.0,,,,,,4.25,4.37,4.05,4.36,1108.0,,,,,,4.9,5.12,4.9,5.12,5.0,,,,,,5.98,6.0,5.98,6.0,18.0,,,,,,6.97,7.0,6.75,7.0,32.0,,,,,,7.8,7.8,7.8,7.8,12.0
2019-07-26,2019-07-26,21.64,21.83,21.46,21.79,18901474.0,1.13,1.17,1.02,1.02,571.0,,,,,,1.7,2.28,1.58,2.28,631.0,,,,,,2.39,2.39,2.22,2.22,225.0,,,,,,3.13,3.13,2.91,2.91,75.0,,,,,,3.85,3.88,3.75,3.78,71.0,,,,,,4.61,4.69,4.5,4.55,122.0,,,,,,5.49,5.53,5.49,5.52,8.0,,,,,,6.4,6.4,6.22,6.22,11.0,,,,,,7.26,7.26,7.25,7.25,20.0,,,,,,8.23,8.23,8.08,8.08,3.0
2019-07-29,2019-07-29,21.83,22.0,21.59,21.69,16615858.0,1.1,1.15,1.04,1.12,615.0,,,,,,1.66,1.74,1.56,1.59,388.0,,,,,,2.29,2.37,2.15,2.26,336.0,,,,,,3.03,3.05,2.88,2.97,48.0,,,,,,3.78,3.78,3.66,3.72,48.0,,,,,,4.57,4.58,4.49,4.49,57.0,,,,,,5.4,5.41,5.25,5.41,75.0,,,,,,,,,,,,,,,,7.3,7.3,7.13,7.25,28.0,,,,,,7.95,7.95,7.95,7.95,1.0
2019-07-30,2019-07-30,22.34,22.47,21.94,22.26,23460651.0,0.95,1.03,0.93,0.96,150.0,,,,,,1.44,1.56,1.44,1.46,444.0,,,,,,1.96,2.17,1.96,2.02,471.0,,,,,,2.65,2.86,2.65,2.69,386.0,,,,,,3.4,3.6,3.4,3.45,101.0,,,,,,4.15,4.34,4.15,4.34,46.0,,,,,,4.95,4.95,4.95,4.95,2.0,,,,,,5.98,5.98,5.98,5.98,1.0,,,,,,6.65,6.9,6.65,6.9,80.0,,,,,,7.55,7.8,7.55,7.8,24.0
2019-07-31,2019-07-31,23.59,24.34,21.93,22.31,53038065.0,0.61,1.04,0.59,0.93,3916.0,,,,,,0.98,1.56,0.95,1.44,450.0,,,,,,1.44,2.17,1.36,1.97,776.0,,,,,,2.06,2.85,1.93,2.65,757.0,,,,,,2.75,3.51,2.66,3.51,289.0,,,,,,3.48,4.2,3.17,4.2,116.0,,,,,,4.13,4.72,4.13,4.45,32.0,,,,,,5.0,5.7,5.0,5.7,93.0,,,,,,5.8,6.95,5.77,6.66,62.0,,,,,,7.45,7.45,7.45,7.45,14.0
2019-08-01,2019-08-01,25.45,26.14,22.555,23.64,109087195.0,0.43,0.83,0.37,0.58,12134.0,,,,,,0.67,1.29,0.63,0.97,767.0,,,,,,1.1,1.83,0.96,1.75,2128.0,,,,,,1.55,2.49,1.38,2.2,2373.0,,,,,,2.06,3.2,1.87,2.76,939.0,,,,,,2.66,3.93,2.41,3.35,1089.0,,,,,,3.24,4.69,3.06,4.3,179.0,,,,,,3.91,5.55,3.84,5.1,193.0,,,,,,4.81,6.4,4.65,5.85,221.0,,,,,,5.61,6.8,5.4,6.8,29.0
2019-08-02,2019-08-02,25.66,26.69,25.27,25.5,71310504.0,0.35,0.39,0.29,0.37,1493.0,,,,,,0.57,0.68,0.51,0.68,888.0,,,,,,0.94,1.02,0.81,0.99,510.0,,,,,,1.33,1.45,1.18,1.44,507.0,,,,,,1.82,1.95,1.62,1.94,862.0,,,,,,2.49,2.52,2.15,2.48,454.0,,,,,,3.05,3.3,2.74,3.15,287.0,,,,,,3.7,3.93,3.4,3.93,244.0,,,,,,4.45,4.64,4.07,4.64,142.0,,,,,,5.15,5.45,4.8,5.45,73.0
2019-08-05,2019-08-05,29.3,29.625,27.28,27.47,86663392.0,0.14,0.26,0.11,0.21,8203.0,,,,,,0.22,0.43,0.21,0.39,2051.0,,,,,,0.35,0.68,0.35,0.63,1314.0,,,,,,0.54,0.99,0.53,0.91,1596.0,,,,,,0.8,1.39,0.8,1.34,1425.0,,,,,,1.15,1.83,1.1,1.82,2272.0,,,,,,1.49,2.36,1.49,2.32,601.0,,,,,,1.95,2.94,1.95,2.8,906.0,,,,,,2.39,3.58,2.39,3.49,1018.0,,,,,,3.0,4.25,3.0,4.2,351.0
2019-08-06,2019-08-06,27.48,29.67,27.48,28.22,59849382.0,0.18,0.28,0.12,0.28,1001.0,,,,,,0.33,0.37,0.22,0.37,325.0,,,,,,0.5,0.6,0.37,0.54,364.0,,,,,,0.84,0.86,0.58,0.75,1984.0,,,,,,1.23,1.23,0.87,1.15,1059.0,,,,,,1.45,1.66,1.19,1.46,2735.0,,,,,,2.12,2.17,1.59,1.76,1064.0,,,,,,2.73,2.73,2.05,2.29,1238.0,,,,,,3.35,3.35,2.62,3.1,526.0,,,,,,3.73,4.05,3.15,3.5,367.0
2019-08-07,2019-08-07,27.62,30.09,27.48,29.44,54533993.0,0.2,0.2,0.11,0.13,379.0,,,,,,0.35,0.35,0.19,0.2,124.0,,,,,,0.56,0.56,0.33,0.33,321.0,,,,,,0.81,0.86,0.51,0.57,516.0,,,,,,1.14,1.23,0.76,0.77,8276.0,,,,,,1.62,1.66,1.09,1.15,935.0,,,,,,2.1,2.17,1.5,1.51,1312.0,,,,,,2.65,2.73,1.9,1.96,244.0,,,,,,3.2,3.35,2.4,2.51,1007.0,,,,,,4.0,4.0,2.97,3.02,206.0
2019-08-08,2019-08-08,25.98,27.41,25.87,27.06,34369131.0,0.25,0.25,0.19,0.21,441.0,,,,,,0.46,0.46,0.36,0.37,4776.0,,,,,,0.75,0.76,0.58,0.58,1522.0,,,,,,1.09,1.15,0.84,0.9,3166.0,,,,,,1.56,1.6,1.25,1.25,384.0,,,,,,2.15,2.15,1.63,1.73,846.0,,,,,,2.67,2.71,2.14,2.25,892.0,,,,,,3.33,3.4,2.76,2.83,226.0,,,,,,4.1,4.15,3.45,3.55,1057.0,,,,,,4.83,4.83,4.17,4.25,118.0
2019-08-09,2019-08-09,26.93,27.465,26.18,26.43,38298114.0,0.2,0.23,0.16,0.19,356.0,,,,,,0.34,0.4,0.31,0.38,1118.0,,,,,,0.56,0.67,0.53,0.63,1646.0,,,,,,0.9,1.02,0.81,0.98,1070.0,,,,,,1.27,1.56,1.2,1.56,477.0,,,,,,1.74,1.98,1.64,1.9,757.0,,,,,,2.28,2.57,2.15,2.45,604.0,,,,,,2.94,3.2,2.75,3.1,244.0,,,,,,3.77,3.88,3.4,3.6,353.0,,,,,,4.3,4.47,4.1,4.28,126.0
2019-08-12,2019-08-12,28.89,28.99,27.25,27.35,28752436.0,0.11,0.16,0.1,0.15,317.0,,,,,,0.19,0.27,0.19,0.25,67.0,,,,,,0.34,0.47,0.32,0.47,993.0,,,,,,0.52,0.75,0.51,0.75,1204.0,,,,,,0.84,1.12,0.81,1.08,546.0,,,,,,1.07,1.58,1.07,1.58,610.0,,,,,,1.5,2.07,1.5,2.06,211.0,,,,,,2.0,2.68,2.0,2.34,585.0,,,,,,2.65,3.3,2.65,3.3,205.0,,,,,,3.34,3.94,3.25,3.75,158.0
2019-08-13,2019-08-13,26.76,29.4,26.71,29.35,41956617.0,0.14,0.15,0.09,0.1,271.0,,,,,,0.27,0.3,0.17,0.2,1587.0,,,,,,0.52,0.53,0.29,0.29,560.0,,,,,,0.86,0.87,0.49,0.49,2360.0,,,,,,1.21,1.21,0.65,0.65,283.0,,,,,,1.7,1.7,1.08,1.09,909.0,,,,,,2.28,2.28,1.63,1.63,557.0,,,,,,2.9,2.9,2.12,2.14,968.0,,,,,,3.55,3.55,2.45,2.45,144.0,,,,,,4.03,4.2,3.09,3.09,115.0
2019-08-14,2019-08-14,30.465,30.5,28.07,28.59,67110934.0,0.07,0.11,0.06,0.08,3461.0,,,,,,0.12,0.28,0.12,0.28,1591.0,,,,,,0.24,0.34,0.22,0.34,11259.0,,,,,,0.35,0.66,0.34,0.39,1527.0,,,,,,0.58,0.91,0.56,0.75,7953.0,,,,,,0.84,1.23,0.83,1.15,1548.0,,,,,,1.16,1.74,1.16,1.61,1180.0,,,,,,1.62,2.3,1.59,2.19,666.0,,,,,,2.09,2.9,2.02,2.67,882.0,,,,,,2.69,3.35,2.6,3.35,963.0
2019-08-15,2019-08-15,29.67,31.0,29.3715,29.72,39376746.0,0.05,0.07,0.05,0.07,228.0,,,,,,0.1,0.13,0.1,0.12,226.0,,,,,,0.2,0.23,0.17,0.23,751.0,,,,,,0.36,0.4,0.29,0.4,458.0,,,,,,0.57,0.63,0.46,0.59,248.0,,,,,,0.89,0.94,0.72,0.92,689.0,,,,,,1.22,1.32,1.02,1.28,150.0,,,,,,1.69,1.77,1.42,1.7,453.0,,,,,,2.2,2.26,1.84,2.2,516.0,,,,,,2.73,2.87,2.34,2.67,303.0
2019-08-16,2019-08-16,28.03,29.14,27.96,29.09,27556919.0,0.08,0.08,0.06,0.06,388.0,,,,,,0.15,0.15,0.12,0.12,229.0,,,,,,0.3,0.3,0.23,0.24,592.0,,,,,,0.52,0.64,0.41,0.64,2169.0,,,,,,0.84,0.84,0.65,0.65,6089.0,,,,,,1.2,1.24,0.98,0.99,2443.0,,,,,,1.69,1.69,1.39,1.39,444.0,,,,,,2.21,2.23,1.88,1.9,243.0,,,,,,2.83,2.83,2.3,2.3,468.0,,,,,,3.48,3.48,3.03,3.03,242.0
2019-08-19,2019-08-19,25.98,26.9965,25.88,26.85,28490840.0,0.11,0.13,0.07,0.13,441.0,0.15,0.15,0.14,0.14,16.0,0.24,0.24,0.18,0.21,325.0,0.3,0.3,0.27,0.27,8.0,0.43,0.47,0.34,0.34,1153.0,0.56,0.58,0.5,0.53,17.0,0.8,0.81,0.61,0.64,1663.0,1.0,1.0,0.8,0.8,413.0,1.14,1.24,0.9,0.9,3353.0,1.39,1.39,1.24,1.25,319.0,1.68,1.77,1.4,1.43,1128.0,1.92,1.92,1.74,1.74,451.0,2.28,2.37,1.7,1.7,1193.0,2.68,2.68,2.33,2.33,352.0,3.02,3.03,2.39,2.62,291.0,3.15,3.15,3.0,3.0,103.0,3.6,3.75,3.2,3.3,231.0,,,,,,4.47,4.5,3.92,4.08,263.0
2019-08-20,2019-08-20,26.6,26.79,26.01,26.26,27521918.0,0.1,0.1,0.08,0.09,58.0,0.14,0.14,0.14,0.14,31.0,0.21,0.22,0.18,0.21,125.0,0.31,0.31,0.27,0.27,7.0,0.39,0.43,0.36,0.43,397.0,0.55,0.56,0.49,0.49,278.0,0.68,0.75,0.64,0.7,326.0,0.88,0.95,0.84,0.88,59.0,1.07,1.15,1.01,1.13,815.0,1.32,1.37,1.32,1.35,115.0,1.52,1.67,1.5,1.62,696.0,1.82,1.87,1.78,1.87,87.0,2.12,2.24,2.04,2.22,586.0,2.37,2.58,2.33,2.4,144.0,2.75,2.94,2.65,2.85,222.0,3.13,3.2,3.13,3.2,59.0,3.42,3.65,3.3,3.5,43.0,,,,,,4.09,4.4,4.07,4.19,127.0
2019-08-21,2019-08-21,25.3,25.73,25.25,25.53,28577472.0,0.11,0.15,0.09,0.15,4123.0,0.18,0.18,0.15,0.15,76.0,0.26,0.28,0.22,0.27,540.0,0.38,0.38,0.32,0.32,22.0,0.55,0.55,0.44,0.54,402.0,0.71,0.71,0.6,0.6,159.0,0.91,0.95,0.77,0.89,793.0,1.1,1.15,1.0,1.15,192.0,1.41,1.41,1.21,1.29,904.0,1.65,1.65,1.56,1.56,86.0,2.01,2.01,1.76,1.8,1718.0,2.28,2.28,2.08,2.2,212.0,2.64,2.93,2.4,2.93,315.0,3.0,3.0,2.72,2.92,122.0,3.38,3.42,3.06,3.2,255.0,,,,,,4.14,4.15,3.76,3.79,173.0,4.35,4.35,4.2,4.2,13.0,4.99,4.99,4.55,4.68,370.0
2019-08-22,2019-08-22,25.75,26.4599,25.075,25.09,31157200.0,0.1,0.13,0.06,0.13,12474.0,0.15,0.15,0.13,0.13,112.0,0.23,0.25,0.17,0.25,186.0,0.34,0.38,0.34,0.38,62.0,0.45,0.5,0.36,0.49,6129.0,0.61,0.73,0.52,0.73,115.0,0.77,0.92,0.61,0.92,663.0,0.98,1.06,0.86,1.06,285.0,1.18,1.43,1.01,1.43,303.0,1.43,1.71,1.34,1.71,361.0,1.71,2.01,1.55,2.0,758.0,2.03,2.05,1.81,2.05,39.0,2.35,2.69,2.11,2.65,285.0,2.63,2.93,2.45,2.88,40.0,3.1,3.4,2.83,3.35,89.0,3.45,3.45,3.45,3.45,1.0,3.8,4.15,3.53,4.15,122.0,4.15,4.15,4.15,4.15,9.0,4.55,4.87,4.25,4.8,186.0
2019-08-23,2019-08-23,28.96,29.46,25.46,26.63,78293234.0,0.04,0.09,0.04,0.07,3405.0,0.11,0.11,0.11,0.11,1.0,0.09,0.18,0.09,0.15,4847.0,0.18,0.21,0.17,0.21,96.0,0.19,1.66,0.17,0.3,13010.0,0.24,0.53,0.24,0.42,66.0,0.4,0.91,0.3,0.91,685.0,0.42,3.42,0.42,0.73,322.0,0.59,1.22,0.51,0.99,1692.0,0.63,1.43,0.63,1.15,339.0,0.95,1.76,0.8,1.39,3257.0,1.0,2.09,0.97,1.77,486.0,1.21,2.42,1.17,2.36,652.0,1.45,2.71,1.38,2.23,211.0,1.9,3.05,1.6,2.55,436.0,2.05,2.89,1.89,2.89,134.0,2.5,3.85,2.12,3.2,421.0,2.68,4.1,2.5,4.1,365.0,3.0,4.5,2.7,4.25,244.0
2019-08-26,2019-08-26,28.1,28.97,27.44,27.53,32372753.0,0.03,0.04,0.03,0.04,259.0,0.05,0.05,0.04,0.05,527.0,0.07,0.08,0.05,0.05,240.0,0.11,0.13,0.09,0.11,507.0,0.15,2.14,0.15,0.21,429.0,0.23,0.4,0.2,0.4,560.0,0.29,0.55,0.28,0.55,1644.0,0.39,0.46,0.37,0.46,101.0,0.57,2.55,0.49,0.75,607.0,0.66,0.71,0.66,0.71,16.0,0.92,1.23,0.8,1.23,445.0,1.14,1.37,0.96,1.37,269.0,1.36,1.53,1.18,1.53,315.0,1.61,1.9,1.4,1.88,166.0,1.9,2.3,1.63,2.3,1190.0,2.04,2.44,1.98,2.44,85.0,2.47,2.8,2.23,2.8,205.0,2.52,3.05,2.52,3.05,98.0,2.97,3.5,2.8,3.5,175.0
2019-08-27,2019-08-27,28.67,29.39,27.54,27.63,26681523.0,0.02,0.03,0.02,0.03,1389.0,0.04,0.05,0.03,0.05,24.0,0.05,0.08,0.04,0.08,362.0,0.06,0.08,0.06,0.08,24.0,0.1,0.94,0.09,0.94,490.0,0.16,0.25,0.14,0.24,77.0,0.22,0.33,0.18,0.33,380.0,0.31,0.46,0.27,0.46,430.0,0.38,0.61,0.34,0.61,2154.0,0.54,0.72,0.46,0.7,100.0,0.7,0.95,0.59,0.95,785.0,0.79,1.18,0.79,1.18,74.0,1.03,1.43,0.94,1.43,805.0,1.27,1.67,1.14,1.63,168.0,1.53,1.94,1.34,1.94,594.0,1.77,2.25,1.64,2.25,138.0,2.08,2.57,1.85,2.5,572.0,2.36,2.96,2.16,2.96,188.0,2.63,3.2,2.42,3.2,99.0
2019-08-28,2019-08-28,28.02,29.75,28.0,29.33,28005357.0,0.03,0.03,0.01,0.01,45.0,,,,,,0.05,0.18,0.03,0.18,233.0,0.08,0.08,0.07,0.07,203.0,0.1,0.23,0.08,0.1,1886.0,0.16,0.16,0.15,0.15,46.0,0.25,0.31,0.16,0.31,195.0,0.32,0.32,0.27,0.27,55.0,0.47,0.47,0.32,0.32,3179.0,0.55,0.56,0.49,0.49,12.0,0.76,0.76,0.51,0.54,2589.0,0.95,0.95,0.68,0.68,50.0,1.18,1.18,0.83,0.95,1326.0,1.29,1.32,1.01,1.01,165.0,1.64,1.66,1.2,1.29,111.0,1.83,1.88,1.47,1.47,60.0,2.14,2.2,1.65,1.73,543.0,2.42,2.48,2.09,2.09,33.0,2.81,2.81,2.19,2.34,102.0
2019-08-29,2019-08-29,26.85,27.44,26.58,27.18,28752821.0,0.03,0.04,0.02,0.02,247.0,0.05,0.05,0.05,0.05,50.0,0.06,0.09,0.06,0.07,349.0,0.11,0.12,0.1,0.1,174.0,0.14,0.19,0.14,0.17,191.0,0.25,0.28,0.25,0.26,73.0,0.34,0.5,0.32,0.5,772.0,0.51,0.53,0.49,0.5,776.0,0.63,0.7,0.6,0.62,2183.0,0.8,0.9,0.79,0.83,955.0,1.0,1.12,0.93,0.97,2569.0,1.22,1.33,1.16,1.2,621.0,1.5,1.63,1.42,1.42,515.0,1.8,1.94,1.67,1.79,312.0,2.12,2.23,1.88,2.06,328.0,2.47,2.53,2.3,2.47,313.0,2.78,2.95,2.59,2.59,641.0,3.1,3.2,3.04,3.04,89.0,3.48,3.65,3.39,3.45,98.0
2019-08-30,2019-08-30,27.0,27.64,26.3,26.3,28129769.0,0.03,0.05,0.02,0.05,126.0,0.04,0.04,0.04,0.04,20.0,0.05,0.07,0.04,0.07,619.0,0.08,0.11,0.08,0.11,411.0,0.16,0.18,0.12,0.18,708.0,0.21,0.26,0.19,0.26,13.0,0.32,0.4,0.23,0.4,755.0,0.43,0.46,0.38,0.46,368.0,0.58,0.74,0.46,0.74,470.0,0.72,0.87,0.62,0.87,86.0,0.89,1.1,0.8,1.04,733.0,1.19,1.4,0.99,1.4,99.0,1.32,1.65,1.2,1.65,369.0,1.65,1.97,1.46,1.95,54.0,1.88,2.2,1.74,2.2,282.0,2.2,2.43,2.08,2.43,69.0,2.67,3.0,2.33,3.0,885.0,3.05,3.28,2.71,3.2,96.0,3.24,3.63,3.01,3.6,88.0
2019-09-03,2019-09-03,28.19,28.45,27.52,28.0,36077100.0,0.01,0.03,0.01,0.03,192.0,,,,,,0.03,0.04,0.02,0.03,215.0,0.05,0.07,0.05,0.07,4.0,0.08,0.11,0.07,0.08,299.0,0.11,0.14,0.11,0.14,56.0,0.16,0.23,0.14,0.23,153.0,0.21,0.28,0.21,0.28,104.0,0.3,0.44,0.29,0.42,2436.0,0.45,0.55,0.39,0.49,198.0,0.55,0.76,0.52,0.65,403.0,0.71,0.96,0.68,0.82,131.0,0.95,1.2,0.85,0.99,1349.0,1.15,1.45,1.07,1.45,60.0,1.37,1.71,1.29,1.65,383.0,1.59,1.96,1.57,1.86,3126.0,1.87,2.28,1.84,2.07,215.0,2.32,2.49,2.13,2.49,192.0,2.55,2.92,2.46,2.92,82.0
2019-09-04,2019-09-04,26.45,27.59,26.43,27.09,36600867.0,0.01,0.03,0.01,0.03,240.0,0.03,0.03,0.02,0.02,106.0,0.02,0.03,0.02,0.03,248.0,0.05,0.05,0.05,0.05,162.0,0.09,0.1,0.06,0.09,274.0,0.15,0.15,0.11,0.14,36.0,0.22,0.22,0.16,0.21,163.0,0.33,0.33,0.24,0.29,391.0,0.47,0.52,0.33,0.52,2009.0,0.65,0.65,0.45,0.56,680.0,0.87,0.87,0.63,0.74,825.0,1.06,1.06,0.8,0.89,270.0,1.39,1.39,1.03,1.12,678.0,1.7,1.7,1.34,1.51,192.0,1.98,2.0,1.54,1.78,449.0,2.31,2.34,1.86,2.08,201.0,2.69,2.69,2.19,2.24,253.0,3.08,3.08,2.6,2.75,87.0,3.44,3.44,2.82,2.97,46.0
2019-09-05,2019-09-05,25.47,25.85,25.15,25.79,41559964.0,0.03,0.25,0.01,0.25,6393.0,0.03,0.03,0.01,0.02,108.0,0.04,0.21,0.03,0.18,1097.0,0.08,0.09,0.07,0.07,177.0,0.12,0.15,0.08,0.08,4378.0,0.21,0.24,0.18,0.18,106.0,0.32,0.46,0.27,0.46,467.0,0.47,0.54,0.42,0.43,1255.0,0.64,0.75,0.6,0.61,2073.0,0.87,0.99,0.73,0.73,507.0,1.1,1.3,1.05,1.07,2258.0,1.42,1.63,1.14,1.14,706.0,1.73,1.97,1.53,1.53,1029.0,2.0,2.3,1.88,1.88,192.0,2.51,2.62,2.31,2.31,403.0,2.88,3.1,2.8,2.8,234.0,3.27,3.5,3.0,3.0,165.0,3.55,3.82,3.55,3.7,105.0,4.2,4.32,3.9,3.92,188.0
2019-09-06,2019-09-06,24.72,25.315,24.6,25.14,30572398.0,0.02,0.03,0.01,0.02,1565.0,0.03,0.04,0.03,0.03,42.0,0.05,0.07,0.03,0.05,4368.0,0.08,0.11,0.07,0.08,188.0,0.12,0.17,0.11,0.13,8874.0,0.22,0.28,0.21,0.24,349.0,0.39,0.4,0.32,0.32,8004.0,0.59,0.59,0.49,0.49,628.0,0.82,0.83,0.67,0.67,3652.0,1.09,1.1,0.92,0.98,1458.0,1.41,1.43,1.19,1.24,1160.0,1.7,1.75,1.49,1.61,308.0,2.03,2.13,1.81,1.84,586.0,2.45,2.47,2.27,2.28,179.0,2.83,2.94,2.56,2.6,216.0,3.3,3.3,3.05,3.05,43.0,3.77,3.77,3.41,3.41,317.0,4.25,4.25,3.91,3.91,20.0,4.56,4.66,4.25,4.25,427.0
2019-09-09,2019-09-09,24.48,25.14,24.22,24.27,31222789.0,0.01,0.02,0.01,0.01,243.0,0.02,0.02,0.02,0.02,84.0,0.03,0.05,0.02,0.04,191.0,0.05,0.07,0.03,0.06,2146.0,0.12,0.17,0.08,0.15,1805.0,0.19,0.3,0.16,0.3,1638.0,0.36,0.5,0.26,0.44,877.0,0.53,0.69,0.4,0.59,916.0,0.79,0.95,0.61,0.95,3714.0,1.09,1.26,0.86,1.22,344.0,1.41,1.6,1.13,1.57,854.0,1.73,2.01,1.47,1.91,840.0,2.1,2.33,1.79,2.22,491.0,2.52,2.71,2.2,2.71,890.0,2.97,3.2,2.58,3.0,690.0,3.4,3.52,3.1,3.4,31.0,3.85,4.05,3.4,4.0,157.0,4.04,4.04,3.9,3.93,47.0,4.75,4.97,4.25,4.96,42.0
2019-09-10,2019-09-10,24.4,25.18,24.34,24.82,29914315.0,0.01,0.01,0.01,0.01,2.0,0.01,0.01,0.01,0.01,10.0,0.02,0.02,0.01,0.01,63.0,0.03,0.04,0.03,0.03,991.0,0.09,0.09,0.07,0.07,236.0,0.18,0.19,0.13,0.16,1290.0,0.35,0.35,0.23,0.32,672.0,0.52,0.52,0.35,0.41,893.0,0.77,0.8,0.55,0.64,1980.0,1.06,1.09,0.78,0.92,628.0,1.42,1.42,1.06,1.33,449.0,1.66,1.79,1.39,1.39,278.0,2.05,2.16,1.73,1.83,148.0,2.46,2.56,2.13,2.15,335.0,2.77,3.01,2.49,2.49,315.0,3.25,3.32,2.88,2.88,60.0,3.75,3.9,3.33,3.39,39.0,3.7,3.7,3.7,3.7,1.0,4.55,4.6,4.55,4.6,4.0
2019-09-11,2019-09-11,24.02,24.46,23.86,24.37,33546901.0,0.01,0.02,0.01,0.02,41.0,0.01,0.01,0.01,0.01,1.0,0.02,0.03,0.02,0.02,178.0,0.05,0.05,0.04,0.05,334.0,0.13,0.13,0.09,0.09,3328.0,0.26,0.27,0.2,0.21,1155.0,0.43,0.43,0.32,0.32,1349.0,0.67,0.67,0.5,0.5,960.0,1.0,1.0,0.76,0.77,1706.0,1.22,1.28,1.06,1.06,333.0,1.63,1.65,1.36,1.41,458.0,2.02,2.06,1.83,1.83,199.0,2.5,2.5,2.12,2.12,320.0,2.95,2.95,2.53,2.53,1487.0,3.35,3.36,3.02,3.02,284.0,3.7,3.75,3.45,3.45,64.0,4.2,4.27,3.9,3.9,58.0,,,,,,5.1,5.25,5.1,5.13,49.0
2019-09-12,2019-09-12,23.45,23.9,23.17,23.57,42894510.0,0.02,0.02,0.01,0.01,683.0,0.03,0.03,0.02,0.02,70.0,0.04,0.05,0.02,0.02,2257.0,0.09,0.1,0.05,0.07,1026.0,0.2,0.22,0.11,0.13,11118.0,0.33,0.41,0.24,0.29,4908.0,0.59,0.67,0.39,0.5,5768.0,0.88,0.95,0.62,0.81,1620.0,1.2,1.3,0.93,1.0,4894.0,1.56,1.7,1.25,1.49,805.0,1.94,2.12,1.61,1.72,1283.0,2.38,2.56,2.02,2.34,421.0,2.88,3.0,1.97,1.97,529.0,3.38,3.38,2.88,3.0,185.0,3.85,3.9,3.37,3.54,115.0,4.07,4.29,3.95,4.0,69.0,4.84,4.85,3.81,3.81,188.0,5.24,5.24,4.9,5.16,27.0,5.72,5.8,5.4,5.5,118.0
2019-09-13,2019-09-13,23.08,23.33,22.82,23.16,32599380.0,0.02,0.04,0.01,0.01,369.0,0.02,0.03,0.02,0.02,101.0,0.05,0.08,0.04,0.05,490.0,0.1,0.18,0.08,0.11,4290.0,0.25,0.37,0.18,0.18,6564.0,0.46,0.58,0.36,0.36,5924.0,0.71,0.87,0.59,0.67,7835.0,1.06,1.21,0.88,0.88,1593.0,1.47,1.59,1.22,1.24,1673.0,1.81,2.01,1.61,1.72,606.0,2.31,2.44,2.0,2.1,1528.0,2.75,2.88,2.47,2.47,2886.0,3.2,3.38,2.99,3.08,220.0,3.45,3.84,3.4,3.6,225.0,4.05,4.25,3.92,4.25,75.0,4.64,4.64,4.64,4.64,2.0,5.0,5.25,4.84,5.06,111.0,5.55,5.6,5.55,5.57,4.0,6.0,6.14,5.9,6.0,67.0
2019-09-16,2019-09-16,23.42,23.67,23.01,23.6,27943659.0,0.01,0.02,0.01,0.01,40.0,0.02,0.02,0.02,0.02,4.0,0.03,0.05,0.02,0.02,194.0,0.07,0.11,0.05,0.06,2718.0,0.14,0.24,0.12,0.15,5717.0,0.27,0.43,0.25,0.27,5442.0,0.5,0.71,0.38,0.64,18476.0,0.76,1.02,0.71,0.76,3893.0,1.11,1.41,1.0,1.1,3657.0,1.5,1.81,1.39,1.4,374.0,1.91,2.26,1.83,1.83,1180.0,2.32,2.66,2.25,2.42,176.0,2.83,3.15,2.68,2.86,302.0,3.25,3.6,3.1,3.1,217.0,3.65,4.02,3.64,3.71,582.0,4.2,4.35,4.2,4.33,3.0,4.66,5.05,4.66,4.71,78.0,5.35,5.35,5.2,5.2,43.0,5.74,5.74,5.65,5.65,3.0
2019-09-17,2019-09-17,23.31,23.73,23.29,23.49,25161317.0,0.01,0.01,0.01,0.01,11.0,0.01,0.01,0.01,0.01,86.0,0.02,0.03,0.01,0.02,351.0,0.05,0.06,0.02,0.06,8942.0,0.13,0.15,0.07,0.12,36373.0,0.28,0.28,0.16,0.25,7208.0,0.5,0.5,0.31,0.42,8154.0,0.78,0.78,0.56,0.71,6732.0,1.13,1.13,0.87,1.02,3603.0,1.52,1.52,1.21,1.44,1263.0,1.95,1.95,1.64,1.78,583.0,2.39,2.39,2.05,2.19,98.0,2.72,2.81,2.49,2.7,674.0,3.07,3.12,2.97,3.1,704.0,3.78,3.78,3.5,3.51,387.0,4.05,4.09,4.05,4.05,66.0,4.74,4.74,4.48,4.55,315.0,5.14,5.14,5.0,5.14,12.0,5.6,5.64,5.5,5.54,38.0
2019-09-18,2019-09-18,22.56,23.6915,22.5,23.1,54380388.0,0.01,0.01,0.01,0.01,44.0,0.01,0.01,0.01,0.01,246.0,0.03,0.03,0.01,0.02,757.0,0.11,0.12,0.03,0.05,2173.0,0.31,0.31,0.05,0.14,20636.0,0.55,0.55,0.17,0.28,6870.0,0.92,0.92,0.33,0.6,13145.0,1.35,1.35,0.58,0.85,6182.0,1.75,1.75,0.91,1.15,2695.0,2.2,2.2,1.33,1.65,1435.0,2.58,2.58,1.66,2.09,1406.0,3.03,3.07,2.09,2.4,283.0,3.63,3.63,2.55,2.94,702.0,3.98,4.03,3.0,3.42,523.0,4.11,4.13,3.65,3.81,238.0,4.1,4.57,4.1,4.43,33.0,5.35,5.35,4.45,4.91,169.0,5.39,5.39,5.39,5.39,6.0,6.2,6.2,5.79,5.85,410.0
2019-09-19,2019-09-19,22.15,22.315,21.8,22.25,33074777.0,0.01,0.02,0.01,0.02,493.0,0.01,0.02,0.01,0.01,229.0,0.02,0.07,0.01,0.04,5897.0,0.08,0.19,0.01,0.1,10783.0,0.25,0.47,0.19,0.3,31138.0,0.56,0.85,0.47,0.59,8696.0,0.98,1.29,0.87,1.01,7929.0,1.46,1.75,1.31,1.42,1338.0,1.95,2.24,1.77,1.9,3458.0,2.32,2.74,2.32,2.48,126.0,2.9,3.2,2.66,2.66,4418.0,3.28,3.7,3.26,3.35,530.0,3.74,4.2,3.7,3.7,426.0,4.4,4.58,4.2,4.2,30.0,4.94,5.2,4.75,4.75,498.0,5.43,5.65,5.43,5.65,3.0,5.73,6.14,5.73,6.13,305.0,6.45,6.45,6.42,6.42,4.0,6.88,7.17,6.88,6.95,33.0
2019-09-20,2019-09-20,23.29,23.48,21.83,21.92,38357372.0,0.01,0.01,0.01,0.01,31.0,0.01,0.01,0.01,0.01,18.0,0.01,0.03,0.01,0.03,739.0,0.01,0.11,0.01,0.09,7711.0,0.01,0.36,0.01,0.26,22450.0,0.01,1.28,0.01,0.68,19135.0,0.01,1.5,0.01,1.08,20568.0,0.08,1.7,0.07,1.5,5528.0,0.59,2.19,0.59,2.19,4803.0,1.23,2.68,1.12,2.64,2701.0,1.57,3.18,1.57,3.01,2356.0,2.34,3.59,2.09,3.37,2573.0,2.71,4.13,2.64,4.0,775.0,3.29,4.56,3.29,4.55,82.0,3.7,5.12,3.55,5.1,125.0,4.23,5.58,4.1,5.58,35.0,4.75,6.14,4.6,6.09,131.0,5.35,5.86,5.1,5.86,15.0,5.75,6.99,5.55,6.99,673.0
2019-09-23,2019-09-23,23.09,23.44,22.7,23.38,23116668.0,,,,,,,,,,,,,,,,,,,,,,,,,,,,,,,,,,,,,,,,,,,,,,,,,,,,,,,,,,,,,,,,,,,,,,,,,,,,,,,,,,,,,,,,,,,,,,,
2019-09-24,2019-09-24,24.16,24.34,22.45,22.52,63880942.0,,,,,,,,,,,,,,,,,,,,,,,,,,,,,,,,,,,,,,,,,,,,,,,,,,,,,,,,,,,,,,,,,,,,,,,,,,,,,,,,,,,,,,,,,,,,,,,
2019-09-25,2019-09-25,23.61,24.97,23.4,24.1,43369035.0,,,,,,,,,,,,,,,,,,,,,,,,,,,,,,,,,,,,,,,,,,,,,,,,,,,,,,,,,,,,,,,,,,,,,,,,,,,,,,,,,,,,,,,,,,,,,,,
2019-09-26,2019-09-26,23.81,24.26,23.53,23.55,31422590.0,,,,,,,,,,,,,,,,,,,,,,,,,,,,,,,,,,,,,,,,,,,,,,,,,,,,,,,,,,,,,,,,,,,,,,,,,,,,,,,,,,,,,,,,,,,,,,,
2019-09-27,2019-09-27,24.46,25.115,23.38,23.51,54237460.0,,,,,,,,,,,,,,,,,,,,,,,,,,,,,,,,,,,,,,,,,,,,,,,,,,,,,,,,,,,,,,,,,,,,,,,,,,,,,,,,,,,,,,,,,,,,,,,
2019-09-30,2019-09-30,23.74,24.21,23.48,24.18,24118716.0,,,,,,,,,,,,,,,,,,,,,,,,,,,,,,,,,,,,,,,,,,,,,,,,,,,,,,,,,,,,,,,,,,,,,,,,,,,,,,,,,,,,,,,,,,,,,,,
2019-10-01,2019-10-01,24.79,24.8,23.05,23.13,48062831.0,,,,,,,,,,,,,,,,,,,,,,,,,,,,,,,,,,,,,,,,,,,,,,,,,,,,,,,,,,,,,,,,,,,,,,,,,,,,,,,,,,,,,,,,,,,,,,,
2019-10-02,2019-10-02,26.45,26.76,25.47,25.48,84176579.0,,,,,,,,,,,,,,,,,,,,,,,,,,,,,,,,,,,,,,,,,,,,,,,,,,,,,,,,,,,,,,,,,,,,,,,,,,,,,,,,,,,,,,,,,,,,,,,
2019-10-03,2019-10-03,25.44,27.1,25.43,26.36,51516387.0,,,,,,,,,,,,,,,,,,,,,,,,,,,,,,,,,,,,,,,,,,,,,,,,,,,,,,,,,,,,,,,,,,,,,,,,,,,,,,,,,,,,,,,,,,,,,,,
2019-10-04,2019-10-04,24.09,25.27,24.05,25.25,29824933.0,,,,,,,,,,,,,,,,,,,,,,,,,,,,,,,,,,,,,,,,,,,,,,,,,,,,,,,,,,,,,,,,,,,,,,,,,,,,,,,,,,,,,,,,,,,,,,,
2019-10-07,2019-10-07,24.27,24.68,23.76,24.42,29089980.0,,,,,,,,,,,,,,,,,,,,,,,,,,,,,,,,,,,,,,,,,,,,,,,,,,,,,,,,,,,,,,,,,,,,,,,,,,,,,,,,,,,,,,,,,,,,,,,
2019-10-08,2019-10-08,26.24,26.27,24.93,25.2,49469482.0,,,,,,,,,,,,,,,,,,,,,,,,,,,,,,,,,,,,,,,,,,,,,,,,,,,,,,,,,,,,,,,,,,,,,,,,,,,,,,,,,,,,,,,,,,,,,,,
2019-10-09,2019-10-09,25.36,25.83,24.76,25.45,30012701.0,,,,,,,,,,,,,,,,,,,,,,,,,,,,,,,,,,,,,,,,,,,,,,,,,,,,,,,,,,,,,,,,,,,,,,,,,,,,,,,,,,,,,,,,,,,,,,,
2019-10-10,2019-10-10,24.43,25.4,24.355,25.32,34818530.0,,,,,,,,,,,,,,,,,,,,,,,,,,,,,,,,,,,,,,,,,,,,,,,,,,,,,,,,,,,,,,,,,,,,,,,,,,,,,,,,,,,,,,,,,,,,,,,
2019-10-11,2019-10-11,23.02,23.82,22.62,23.7,74386222.0,,,,,,,,,,,,,,,,,,,,,,,,,,,,,,,,,,,,,,,,,,,,,,,,,,,,,,,,,,,,,,,,,,,,,,,,,,,,,,,,,,,,,,,,,,,,,,,
2019-10-14,2019-10-14,22.27,23.11,22.24,23.09,30104234.0,,,,,,,,,,,,,,,,,,,,,,,,,,,,,,,,,,,,,,,,,,,,,,,,,,,,,,,,,,,,,,,,,,,,,,,,,,,,,,,,,,,,,,,,,,,,,,,
2019-10-15,2019-10-15,21.69,21.9,21.36,21.84,46193742.0,,,,,,,,,,,,,,,,,,,,,,,,,,,,,,,,,,,,,,,,,,,,,,,,,,,,,,,,,,,,,,,,,,,,,,,,,,,,,,,,,,,,,,,,,,,,,,,
2019-10-16,2019-10-16,21.42,21.88,21.37,21.66,28359123.0,,,,,,,,,,,,,,,,,,,,,,,,,,,,,,,,,,,,,,,,,,,,,,,,,,,,,,,,,,,,,,,,,,,,,,,,,,,,,,,,,,,,,,,,,,,,,,,
2019-10-17,2019-10-17,21.29,21.43,20.965,21.21,26156003.0,,,,,,,,,,,,,,,,,,,,,,,,,,,,,,,,,,,,,,,,,,,,,,,,,,,,,,,,,,,,,,,,,,,,,,,,,,,,,,,,,,,,,,,,,,,,,,,
2019-10-18,2019-10-18,21.24,21.76,21.03,21.38,32607762.0,,,,,,,,,,,,,,,,,,,,,,,,,,,,,,,,,,,,,,,,,,,,,,,,,,,,,,,,,,,,,,,,,,,,,,,,,,,,,,,,,,,,,,,,,,,,,,,
