date,Underlying_date,Underlying_close,Underlying_high,Underlying_low,Underlying_open,Underlying_volume,20.0_close,20.0_high,20.0_low,20.0_open,20.0_volume,21.0_close,21.0_high,21.0_low,21.0_open,21.0_volume,22.0_close,22.0_high,22.0_low,22.0_open,22.0_volume,22.5_close,22.5_high,22.5_low,22.5_open,22.5_volume,23.0_close,23.0_high,23.0_low,23.0_open,23.0_volume,23.5_close,23.5_high,23.5_low,23.5_open,23.5_volume,24.0_close,24.0_high,24.0_low,24.0_open,24.0_volume,24.5_close,24.5_high,24.5_low,24.5_open,24.5_volume,25.0_close,25.0_high,25.0_low,25.0_open,25.0_volume,25.5_close,25.5_high,25.5_low,25.5_open,25.5_volume,26.0_close,26.0_high,26.0_low,26.0_open,26.0_volume,26.5_close,26.5_high,26.5_low,26.5_open,26.5_volume,27.0_close,27.0_high,27.0_low,27.0_open,27.0_volume,27.5_close,27.5_high,27.5_low,27.5_open,27.5_volume,28.0_close,28.0_high,28.0_low,28.0_open,28.0_volume,28.5_close,28.5_high,28.5_low,28.5_open,28.5_volume,29.0_close,29.0_high,29.0_low,29.0_open,29.0_volume,29.5_close,29.5_high,29.5_low,29.5_open,29.5_volume
2019-05-06,2019-05-06,26.86,28.22,26.66,27.96,43610349.0,0.05,0.08,0.02,0.02,64.0,0.15,0.18,0.09,0.12,233.0,0.33,0.39,0.16,0.39,15864.0,,,,,,0.62,0.62,0.46,0.53,991.0,,,,,,0.96,1.0,0.74,0.75,937.0,,,,,,1.43,2.15,1.08,2.15,671.0,,,,,,1.85,1.99,1.56,1.7,981.0,,,,,,2.54,2.57,2.08,2.17,961.0,,,,,,3.1,3.28,2.68,2.74,10710.0,,,,,,3.55,3.7,3.38,3.5,123.0,,,,,
2019-05-07,2019-05-07,31.33,32.07,28.14,28.41,85493717.0,0.05,0.06,0.03,0.03,1054.0,0.09,0.17,0.07,0.17,764.0,0.15,0.24,0.11,0.24,14611.0,,,,,,0.31,0.47,0.21,0.4,1490.0,,,,,,0.46,0.69,0.36,0.69,7572.0,,,,,,0.8,1.08,0.55,1.0,1547.0,,,,,,1.1,1.66,0.84,1.66,2013.0,,,,,,1.48,2.05,1.14,1.91,1456.0,,,,,,1.92,2.66,1.51,2.54,1705.0,,,,,,2.17,3.25,2.0,3.25,830.0,,,,,
2019-05-08,2019-05-08,30.71,31.54,29.61,30.99,44684771.0,0.05,0.05,0.03,0.03,246.0,0.08,0.1,0.07,0.07,248.0,0.16,0.19,0.12,0.14,949.0,,,,,,0.27,0.34,0.22,0.28,3668.0,,,,,,0.45,0.55,0.37,0.42,11257.0,,,,,,0.68,0.84,0.58,0.69,4951.0,,,,,,1.1,1.18,0.87,0.91,420.0,,,,,,1.34,1.6,1.22,1.31,5391.0,,,,,,1.87,2.09,1.67,1.71,980.0,,,,,,2.4,2.67,2.17,2.29,5532.0,,,,,
2019-05-09,2019-05-09,30.55,33.29,30.46,32.4,60451039.0,0.05,0.05,0.02,0.02,71.0,0.07,0.42,0.04,0.42,60.0,0.13,0.16,0.07,0.15,1442.0,,,,,,0.25,0.28,0.15,0.25,4655.0,,,,,,0.43,0.43,0.25,0.38,19597.0,,,,,,0.65,0.73,0.41,0.59,7937.0,,,,,,0.94,1.02,0.61,0.68,10514.0,,,,,,1.29,1.29,0.85,1.12,3581.0,,,,,,1.73,1.8,1.2,1.37,1504.0,,,,,,2.25,2.32,1.62,1.78,712.0,,,,,
2019-05-10,2019-05-10,28.19,31.6399,28.19,30.88,60955834.0,0.04,0.05,0.03,0.04,27.0,0.1,0.1,0.06,0.07,619.0,0.17,0.21,0.11,0.12,2131.0,,,,,,0.38,0.67,0.2,0.67,615.0,,,,,,0.61,0.64,0.33,0.43,5417.0,,,,,,0.99,0.99,0.53,0.63,1880.0,,,,,,1.42,1.42,0.77,0.95,1113.0,,,,,,1.87,1.91,1.05,1.28,737.0,,,,,,2.39,2.45,1.34,1.67,2641.0,,,,,,3.1,3.1,1.9,2.16,448.0,,,,,
2019-05-13,2019-05-13,32.45,32.59,30.82,31.67,60055151.0,0.03,0.04,0.01,0.02,39.0,0.04,0.06,0.04,0.05,328.0,0.08,0.12,0.07,0.08,179.0,,,,,,0.15,0.2,0.14,0.19,625.0,,,,,,0.24,0.34,0.24,0.31,622.0,,,,,,0.4,0.55,0.39,0.48,9102.0,,,,,,0.6,0.83,0.6,0.64,3371.0,,,,,,0.84,1.17,0.84,1.02,1305.0,,,,,,1.16,1.58,1.15,1.38,4005.0,,,,,,1.58,2.01,1.58,2.0,515.0,,,,,
2019-05-14,2019-05-14,30.65,31.44,30.23,31.24,36854411.0,0.03,0.03,0.03,0.03,1.0,0.05,0.06,0.05,0.06,214.0,0.09,0.11,0.09,0.11,154.0,,,,,,0.15,0.25,0.15,0.25,493.0,,,,,,0.29,0.34,0.29,0.31,922.0,,,,,,0.47,0.61,0.45,0.61,2399.0,,,,,,0.75,0.82,0.71,0.78,2831.0,,,,,,1.08,1.18,0.9,0.9,727.0,,,,,,1.47,1.6,1.37,1.4,867.0,,,,,,1.98,2.1,1.83,1.97,795.0,,,,,
2019-05-15,2019-05-15,29.36,31.7179,29.27,31.5,32088264.0,0.02,0.02,0.01,0.01,11.0,,,,,,0.11,0.11,0.07,0.07,7.0,,,,,,0.21,0.41,0.14,0.41,53.0,,,,,,0.38,0.38,0.22,0.24,82.0,,,,,,0.62,0.62,0.36,0.36,6231.0,,,,,,0.95,0.95,0.58,0.58,438.0,,,,,,1.33,1.37,0.86,0.87,1069.0,,,,,,1.86,1.88,1.2,1.41,5836.0,,,,,,2.38,2.38,1.68,1.68,100.0,,,,,
2019-05-16,2019-05-16,28.1,29.1499,27.91,29.13,31128917.0,0.03,0.04,0.03,0.03,105.0,0.07,0.09,0.06,0.09,5069.0,0.16,0.87,0.11,0.87,589.0,,,,,,0.27,0.32,0.24,0.24,5406.0,,,,,,0.53,0.55,0.41,0.41,588.0,,,,,,0.86,0.89,0.57,0.57,965.0,,,,,,1.26,1.31,1.03,1.03,1640.0,,,,,,1.76,4.19,1.44,4.19,3441.0,,,,,,2.32,2.41,1.92,1.92,1718.0,,,,,,2.95,3.05,2.64,2.64,180.0,,,,,
2019-05-17,2019-05-17,28.52,29.26,27.73,29.24,43742319.0,0.02,0.03,0.01,0.02,41.0,0.07,0.07,0.06,0.06,7.0,0.11,0.19,0.11,0.13,1099.0,,,,,,0.24,0.33,0.17,0.21,1006.0,,,,,,0.46,0.6,0.41,0.41,468.0,,,,,,0.77,0.95,0.65,0.65,795.0,,,,,,1.15,1.4,1.01,1.01,752.0,,,,,,1.62,1.9,1.38,1.38,2386.0,,,,,,2.17,2.51,1.88,1.96,692.0,,,,,,2.8,3.13,2.7,2.74,132.0,,,,,
2019-05-20,2019-05-20,28.94,29.8,28.4,29.31,32737337.0,0.02,0.02,0.01,0.02,39.0,0.04,0.06,0.03,0.06,52.0,0.07,0.23,0.06,0.19,158.0,0.11,0.13,0.11,0.12,86.0,0.18,0.22,0.16,0.2,786.0,0.25,0.29,0.25,0.29,6.0,0.33,0.41,0.32,0.32,193.0,0.46,0.54,0.46,0.53,141.0,0.63,0.71,0.52,0.58,400.0,0.78,0.82,0.78,0.81,10.0,1.0,1.11,0.82,0.94,517.0,1.25,1.25,1.23,1.23,6.0,1.41,1.57,1.23,1.45,526.0,1.58,1.74,1.58,1.68,37.0,1.98,2.12,1.69,1.9,725.0,2.13,2.42,2.04,2.04,113.0,2.53,2.75,2.21,2.42,624.0,2.82,2.82,2.68,2.74,46.0
2019-05-21,2019-05-21,27.48,28.02,27.39,28.0,23455232.0,0.02,0.02,0.02,0.02,16.0,0.05,0.22,0.03,0.22,63.0,0.14,0.14,0.09,0.1,448.0,0.16,0.17,0.15,0.15,524.0,0.27,0.27,0.23,0.25,2668.0,0.35,0.37,0.32,0.36,608.0,0.53,0.53,0.44,0.45,505.0,0.65,0.65,0.6,0.64,155.0,0.85,0.85,0.76,0.78,1693.0,1.05,1.05,0.97,1.0,23.0,1.35,1.35,1.1,1.22,1051.0,1.55,1.55,1.45,1.45,115.0,1.91,1.92,1.69,1.74,1364.0,2.15,2.15,1.95,1.95,131.0,2.55,2.55,2.26,2.26,772.0,2.76,2.76,2.68,2.7,49.0,3.26,3.26,2.83,2.83,183.0,3.37,3.37,3.37,3.37,1.0
2019-05-22,2019-05-22,27.22,27.69,26.93,27.6,28075437.0,0.02,0.03,0.01,0.02,31.0,0.05,0.05,0.04,0.04,75.0,0.1,0.13,0.1,0.12,727.0,0.17,0.18,0.17,0.17,80.0,0.28,0.28,0.22,0.25,16782.0,0.4,0.4,0.34,0.34,8.0,0.53,0.55,0.46,0.47,9561.0,0.69,0.69,0.62,0.68,11.0,0.9,0.91,0.79,0.85,866.0,1.13,1.13,1.0,1.04,186.0,1.32,1.4,1.22,1.32,977.0,1.6,1.6,1.55,1.59,19.0,1.87,2.0,1.74,1.81,546.0,2.16,2.27,2.06,2.1,151.0,2.57,2.64,2.36,2.39,1245.0,2.97,2.98,2.71,2.74,212.0,3.25,3.25,3.05,3.21,53.0,3.6,3.6,3.6,3.6,12.0
2019-05-23,2019-05-23,29.02,29.5,28.25,28.25,42745667.0,0.01,0.01,0.01,0.01,7.0,0.02,0.03,0.02,0.03,74.0,0.06,0.24,0.03,0.16,671.0,0.09,0.1,0.08,0.09,83.0,0.1,0.17,0.1,0.1,1527.0,,,,,,0.26,0.35,0.21,0.35,6512.0,0.32,0.41,0.32,0.41,85.0,0.47,0.59,0.41,0.58,2887.0,0.62,0.71,0.54,0.71,106.0,0.79,1.08,0.7,1.08,754.0,1.06,1.12,0.95,1.08,219.0,1.18,1.48,1.09,1.48,1688.0,1.31,1.67,1.31,1.57,49.0,1.7,2.13,1.55,2.1,1303.0,2.0,2.25,1.89,2.06,986.0,2.23,2.59,2.11,2.56,1298.0,2.65,2.89,2.45,2.89,65.0
2019-05-24,2019-05-24,28.42,28.8,27.88,28.17,24589353.0,0.01,0.01,0.01,0.01,2.0,0.02,0.02,0.02,0.02,1.0,0.04,0.22,0.04,0.22,249.0,0.09,0.1,0.07,0.1,71.0,0.13,0.29,0.11,0.29,1260.0,0.2,0.25,0.18,0.25,89.0,0.26,0.34,0.22,0.34,161.0,0.41,0.44,0.37,0.44,73.0,0.54,0.64,0.47,0.58,2225.0,0.66,0.8,0.62,0.8,14.0,0.89,1.02,0.76,1.01,565.0,1.09,1.26,1.07,1.25,127.0,1.4,1.53,1.21,1.51,455.0,1.62,1.74,1.47,1.7,46.0,1.87,2.1,1.74,1.98,1793.0,2.29,2.45,2.03,2.35,415.0,2.64,2.77,2.35,2.58,1033.0,2.87,3.1,2.73,3.07,67.0
2019-05-28,2019-05-28,29.27,29.27,27.76,28.22,22138340.0,0.02,0.02,0.01,0.02,41.0,0.01,0.23,0.01,0.23,197.0,0.02,0.26,0.02,0.26,67.0,0.04,0.07,0.04,0.07,7.0,0.07,0.12,0.06,0.12,491.0,0.14,0.16,0.14,0.16,16.0,0.17,0.31,0.17,0.31,50.0,0.31,0.32,0.31,0.32,11.0,0.33,0.57,0.32,0.57,2347.0,0.47,0.71,0.47,0.71,36.0,0.64,0.92,0.58,0.86,40.0,0.77,0.95,0.77,0.95,63.0,0.99,1.43,0.95,1.32,336.0,1.23,1.58,1.17,1.49,10.0,1.48,2.01,1.43,1.95,706.0,1.77,2.28,1.7,2.28,231.0,2.07,2.64,2.0,2.63,931.0,2.75,3.02,2.75,3.02,25.0
2019-05-29,2019-05-29,29.84,30.3701,29.32,29.89,33021038.0,0.01,0.01,0.01,0.01,40.0,0.01,0.13,0.01,0.13,39.0,0.03,0.18,0.01,0.18,45.0,0.02,0.03,0.02,0.03,82.0,0.04,0.12,0.03,0.12,3798.0,0.06,0.1,0.06,0.1,4.0,0.1,0.21,0.08,0.21,6313.0,0.14,0.16,0.14,0.16,68.0,0.22,0.31,0.18,0.31,1083.0,0.31,0.33,0.27,0.33,129.0,0.44,0.61,0.37,0.5,1023.0,0.58,0.79,0.5,0.79,282.0,0.75,0.91,0.65,0.91,1117.0,0.93,1.01,0.85,0.94,109.0,1.16,1.4,1.03,1.4,2169.0,1.45,1.57,1.32,1.4,127.0,1.68,1.96,1.51,1.96,532.0,1.97,2.1,1.81,1.96,54.0
2019-05-30,2019-05-30,29.31,29.88,28.845,29.11,20277162.0,0.01,0.01,0.01,0.01,4.0,0.02,0.02,0.01,0.01,2056.0,0.02,0.2,0.01,0.2,11.0,,,,,,0.05,0.05,0.04,0.04,171.0,0.07,0.07,0.06,0.07,93.0,0.11,0.14,0.08,0.14,195.0,0.16,0.16,0.16,0.16,5.0,0.27,0.37,0.18,0.37,419.0,0.31,0.41,0.31,0.41,49.0,0.46,0.55,0.38,0.55,2136.0,0.61,0.73,0.53,0.67,116.0,0.79,0.93,0.67,0.93,784.0,1.01,1.14,0.91,1.14,119.0,1.3,1.41,1.08,1.35,2449.0,1.5,1.7,1.35,1.7,128.0,1.77,2.0,1.57,1.9,804.0,2.07,2.22,1.89,2.22,53.0
2019-05-31,2019-05-31,30.42,30.89,29.905,30.73,28925166.0,0.01,0.01,0.01,0.01,2.0,0.02,0.02,0.01,0.01,168.0,0.01,0.03,0.01,0.01,109.0,0.01,0.02,0.01,0.02,25.0,0.02,0.05,0.02,0.05,64.0,,,,,,0.06,0.2,0.03,0.2,5477.0,0.1,0.13,0.1,0.1,87.0,0.14,0.24,0.12,0.24,3433.0,0.25,0.25,0.21,0.21,24.0,0.28,0.46,0.27,0.41,11285.0,0.4,0.45,0.4,0.43,59.0,0.54,0.65,0.48,0.63,5653.0,0.63,0.84,0.62,0.68,2573.0,0.85,1.06,0.82,0.82,1542.0,1.05,1.21,1.05,1.12,59.0,1.29,1.53,1.24,1.24,829.0,1.6,1.6,1.55,1.55,7.0
2019-06-03,2019-06-03,30.73,31.41,29.8199,30.4,29037266.0,0.01,0.01,0.01,0.01,2.0,0.01,0.01,0.01,0.01,1.0,0.01,0.01,0.01,0.01,15.0,0.02,0.02,0.02,0.02,1.0,0.02,0.02,0.01,0.02,254.0,,,,,,0.03,0.06,0.02,0.05,1308.0,0.05,0.09,0.05,0.09,26.0,0.08,0.15,0.07,0.15,159.0,0.15,0.22,0.11,0.22,292.0,0.21,0.29,0.16,0.28,289.0,0.27,0.4,0.26,0.4,63.0,0.37,0.57,0.33,0.5,391.0,0.47,0.76,0.47,0.72,40.0,0.72,0.94,0.57,0.91,1709.0,0.8,1.05,0.77,1.03,55.0,1.0,1.39,0.95,1.3,316.0,1.25,1.64,1.22,1.64,36.0
2019-06-04,2019-06-04,29.02,30.24,29.0,29.81,24171477.0,0.01,0.01,0.01,0.01,2.0,0.01,0.01,0.01,0.01,3.0,0.02,0.02,0.01,0.01,17.0,0.02,2.18,0.01,0.01,110.0,0.02,0.02,0.01,0.02,14.0,,,,,,0.04,0.05,0.03,0.03,247.0,,,,,,0.11,0.11,0.08,0.1,149.0,0.17,2.33,0.13,0.15,251.0,0.27,0.28,0.2,0.28,287.0,0.39,0.41,0.31,0.37,1610.0,0.58,2.86,0.41,0.53,2963.0,0.75,0.75,0.57,0.7,1363.0,1.02,3.29,0.75,0.86,8423.0,1.3,1.3,0.96,1.15,1700.0,1.56,1.56,1.19,1.25,1287.0,1.85,1.85,1.55,1.65,68.0
2019-06-05,2019-06-05,28.46,29.33,28.31,28.65,23479972.0,0.01,0.01,0.01,0.01,1.0,,,,,,0.01,0.02,0.01,0.01,29.0,0.02,0.02,0.02,0.02,20.0,0.02,0.02,0.01,0.01,35.0,,,,,,0.03,0.04,0.03,0.04,111.0,0.06,0.07,0.06,0.07,26.0,0.12,0.15,0.09,0.11,203.0,0.22,0.23,0.16,0.16,351.0,0.35,0.36,0.24,0.24,124.0,0.52,0.52,0.35,0.41,308.0,0.72,0.73,0.51,0.61,705.0,0.89,0.89,0.71,0.77,608.0,1.21,1.22,0.9,1.08,2936.0,1.5,1.5,1.19,1.37,123.0,1.82,1.85,1.47,1.55,716.0,2.1,2.16,1.77,1.97,29.0
2019-06-06,2019-06-06,27.85,28.55,27.77,28.24,18497198.0,,,,,,0.01,0.01,0.01,0.01,1.0,0.01,0.02,0.01,0.02,92.0,,,,,,0.02,0.02,0.01,0.02,12.0,0.03,0.03,0.03,0.03,15.0,0.05,0.06,0.04,0.04,23.0,0.1,0.1,0.09,0.09,3.0,0.17,0.17,0.13,0.13,160.0,0.26,0.26,0.22,0.22,28.0,0.41,0.43,0.31,0.32,2258.0,0.54,0.57,0.47,0.51,592.0,0.85,0.85,0.66,0.75,5510.0,1.03,1.05,0.87,0.95,230.0,1.38,1.42,1.13,1.2,845.0,1.6,1.6,1.43,1.49,57.0,2.02,2.1,1.76,1.83,251.0,2.44,2.46,2.11,2.11,181.0
2019-06-07,2019-06-07,28.06,28.1615,27.6,27.77,23326873.0,0.02,0.02,0.02,0.02,2.0,0.01,0.01,0.01,0.01,3.0,0.02,0.02,0.02,0.02,1.0,0.01,0.01,0.01,0.01,1.0,0.02,0.02,0.01,0.01,12.0,0.03,0.04,0.02,0.03,75.0,0.04,0.06,0.04,0.06,94.0,0.08,0.09,0.07,0.09,51.0,0.13,0.18,0.13,0.17,6983.0,0.22,0.26,0.21,0.26,1564.0,0.33,0.4,0.33,0.39,946.0,0.5,0.64,0.49,0.63,207.0,0.71,0.87,0.7,0.78,17429.0,0.95,1.16,0.93,1.08,5162.0,1.21,1.4,1.19,1.39,723.0,1.58,1.81,1.57,1.68,262.0,1.93,2.16,1.86,2.05,1380.0,2.28,2.56,2.28,2.44,163.0
2019-06-10,2019-06-10,27.86,28.24,27.61,27.71,14480560.0,0.01,0.01,0.01,0.01,1.0,0.01,0.01,0.01,0.01,6.0,0.01,0.01,0.01,0.01,4.0,0.01,0.01,0.01,0.01,5.0,0.02,0.02,0.01,0.01,401.0,0.02,0.02,0.02,0.02,10.0,0.03,0.03,0.02,0.02,41.0,0.05,0.08,0.05,0.08,136.0,0.1,0.14,0.08,0.13,8560.0,0.16,0.24,0.13,0.22,813.0,0.29,0.49,0.25,0.49,1406.0,0.46,0.56,0.42,0.55,769.0,0.66,0.82,0.53,0.82,2047.0,0.91,1.09,0.75,1.09,4337.0,1.23,1.41,1.02,1.41,1024.0,1.57,1.73,1.34,1.73,238.0,1.87,2.13,1.67,1.67,315.0,2.3,2.52,2.27,2.52,135.0
2019-06-11,2019-06-11,27.91,28.3,27.3,27.4,18841531.0,0.03,0.03,0.03,0.03,1.0,0.01,0.01,0.01,0.01,1.0,0.01,0.01,0.01,0.01,10.0,,,,,,0.02,0.02,0.01,0.01,23.0,0.02,0.02,0.01,0.01,4.0,0.03,0.03,0.03,0.03,2.0,,,,,,0.09,0.15,0.07,0.15,1204.0,0.14,0.22,0.13,0.21,341.0,0.25,0.4,0.2,0.4,1682.0,0.38,0.56,0.32,0.56,974.0,0.59,0.84,0.5,0.81,1631.0,0.84,1.18,0.75,1.18,492.0,1.13,1.47,0.98,1.45,1112.0,1.46,1.73,1.29,1.72,402.0,1.77,2.24,1.63,2.18,221.0,2.18,2.56,1.99,2.5,546.0
2019-06-12,2019-06-12,27.78,28.3,27.66,28.11,14225241.0,0.01,0.01,0.01,0.01,3.0,,,,,,0.01,0.01,0.01,0.01,22.0,,,,,,0.01,0.01,0.01,0.01,26.0,,,,,,0.03,0.03,0.02,0.02,4.0,0.03,0.03,0.03,0.03,40.0,0.07,0.1,0.05,0.1,5230.0,0.1,0.12,0.1,0.11,1071.0,0.18,0.34,0.18,0.34,1106.0,0.32,0.35,0.28,0.3,776.0,0.49,0.55,0.45,0.55,11748.0,0.78,0.8,0.65,0.65,1440.0,1.08,1.1,0.92,0.94,2901.0,1.38,1.38,1.22,1.31,54.0,1.76,1.78,1.56,1.66,162.0,2.16,2.19,1.98,2.03,156.0
2019-06-13,2019-06-13,27.61,27.905,27.33,27.45,17051858.0,0.02,0.02,0.02,0.02,2.0,0.01,0.01,0.01,0.01,4.0,,,,,,,,,,,0.01,0.01,0.01,0.01,14.0,0.01,0.01,0.01,0.01,110.0,0.02,0.03,0.01,0.02,4140.0,,,,,,0.04,0.06,0.03,0.06,326.0,0.09,0.12,0.09,0.1,32.0,0.15,0.34,0.13,0.34,1927.0,0.27,0.48,0.24,0.35,1011.0,0.46,0.62,0.4,0.58,1210.0,0.72,0.93,0.62,0.93,1265.0,1.03,1.21,0.91,1.14,3662.0,1.31,1.6,1.26,1.57,352.0,1.76,2.0,1.6,1.93,620.0,2.12,2.45,2.01,2.38,465.0
2019-06-14,2019-06-14,27.32,28.06,27.28,27.8,13682989.0,,,,,,,,,,,,,,,,,,,,,0.02,0.02,0.01,0.01,2.0,0.01,0.01,0.01,0.01,13.0,0.02,0.63,0.01,0.01,83.0,0.03,0.03,0.02,0.02,91.0,0.04,0.04,0.02,0.02,25905.0,0.08,0.09,0.05,0.06,705.0,0.17,0.17,0.09,0.12,3801.0,0.35,0.61,0.18,0.21,2518.0,0.51,0.53,0.33,0.37,6240.0,0.81,0.81,0.53,0.58,5986.0,1.2,1.2,0.8,1.0,1853.0,1.54,1.54,1.18,1.21,390.0,1.97,1.97,1.51,1.56,374.0,2.38,2.42,1.91,1.99,393.0
2019-06-17,2019-06-17,27.03,27.36,26.8815,27.29,14470210.0,,,,,,,,,,,,,,,,,,,,,0.01,0.01,0.01,0.01,12.0,,,,,,0.02,0.02,0.01,0.01,1031.0,0.03,0.03,0.01,0.01,225.0,0.05,0.05,0.02,0.03,6664.0,0.11,0.11,0.05,0.06,1949.0,0.21,0.21,0.11,0.18,12013.0,0.37,0.37,0.24,0.27,3026.0,0.65,0.65,0.45,0.53,12102.0,0.95,0.98,0.75,0.75,942.0,1.35,1.35,1.08,1.13,1057.0,1.61,1.76,1.47,1.47,675.0,2.13,2.26,1.92,1.96,679.0,2.59,2.69,2.35,2.35,255.0
2019-06-18,2019-06-18,26.82,26.98,26.35,26.54,24889651.0,,,,,,,,,,,0.01,0.01,0.01,0.01,2.0,,,,,,0.01,0.01,0.01,0.01,25.0,0.02,0.02,0.02,0.02,2.0,0.02,0.03,0.02,0.03,1975.0,0.03,0.07,0.03,0.03,206.0,0.07,0.14,0.05,0.05,2198.0,0.15,0.25,0.13,0.14,1558.0,0.28,0.43,0.19,0.19,4559.0,0.46,0.7,0.4,0.4,2172.0,0.73,1.04,0.7,0.81,5982.0,1.17,1.42,1.04,1.19,1929.0,1.5,1.84,1.47,1.61,1639.0,1.86,2.24,1.85,1.85,550.0,2.37,2.69,2.31,2.43,1728.0,2.87,3.15,2.84,3.05,225.0
2019-06-19,2019-06-19,25.93,26.93,25.88,26.65,29671248.0,,,,,,,,,,,0.01,0.01,0.01,0.01,5.0,,,,,,0.01,0.01,0.01,0.01,43.0,0.01,0.01,0.01,0.01,1.0,0.02,0.02,0.01,0.01,4158.0,0.06,0.06,0.02,0.03,82.0,0.12,0.75,0.05,0.06,14761.0,0.28,0.84,0.12,0.17,4259.0,0.55,0.55,0.25,0.26,11333.0,0.93,0.93,0.39,0.39,3791.0,1.25,1.26,0.74,0.85,5067.0,1.72,1.72,1.09,1.25,315.0,2.16,2.18,1.49,1.62,895.0,2.75,2.75,1.92,2.02,224.0,3.24,3.24,2.39,2.54,1768.0,3.5,3.5,2.85,2.87,144.0
2019-06-20,2019-06-20,26.01,26.82,25.26,25.46,34444193.0,0.02,0.02,0.02,0.02,1.0,,,,,,0.01,0.01,0.01,0.01,21.0,,,,,,0.01,0.01,0.01,0.01,67.0,0.01,0.02,0.01,0.01,142.0,0.01,0.03,0.01,0.02,527.0,0.03,0.09,0.03,0.08,884.0,0.05,0.27,0.05,0.15,6277.0,0.14,0.51,0.12,0.36,11594.0,0.33,0.88,0.25,0.68,13219.0,0.74,1.31,0.46,1.08,6219.0,1.11,1.78,0.74,1.56,5097.0,1.57,2.23,1.1,1.95,2480.0,2.03,2.74,1.47,2.3,841.0,2.63,3.19,1.94,3.13,407.0,3.06,3.68,2.49,3.55,1790.0,3.68,3.85,2.84,3.45,99.0
2019-06-21,2019-06-21,26.62,26.81,25.885,26.2,19740690.0,0.01,0.01,0.01,0.01,2.0,0.12,0.12,0.12,0.12,9.0,0.01,0.03,0.01,0.03,151.0,0.01,0.01,0.01,0.01,1.0,0.01,0.01,0.01,0.01,13.0,0.01,0.01,0.01,0.01,1.0,0.01,0.01,0.01,0.01,67.0,0.01,0.02,0.01,0.02,64.0,0.01,0.14,0.01,0.14,1050.0,0.01,0.08,0.01,0.05,2612.0,0.01,0.41,0.01,0.41,9651.0,0.01,0.66,0.01,0.52,5573.0,0.44,1.11,0.28,0.84,6002.0,0.98,1.56,0.77,1.37,1541.0,1.51,2.12,1.28,1.87,2558.0,1.76,2.59,1.76,2.3,378.0,2.3,3.09,2.3,2.76,2308.0,2.89,3.44,2.76,3.4,37.0
2019-06-24,2019-06-24,26.38,26.52,26.14,26.45,12634966.0,,,,,,,,,,,,,,,,,,,,,,,,,,,,,,,,,,,,,,,,,,,,,,,,,,,,,,,,,,,,,,,,,,,,,,,,,,,,,,,,,,,,,,,,,,
2019-06-25,2019-06-25,27.05,27.181,26.37,26.4,17296855.0,,,,,,,,,,,,,,,,,,,,,,,,,,,,,,,,,,,,,,,,,,,,,,,,,,,,,,,,,,,,,,,,,,,,,,,,,,,,,,,,,,,,,,,,,,
2019-06-26,2019-06-26,26.84,27.05,26.39,26.52,13586640.0,,,,,,,,,,,,,,,,,,,,,,,,,,,,,,,,,,,,,,,,,,,,,,,,,,,,,,,,,,,,,,,,,,,,,,,,,,,,,,,,,,,,,,,,,,
2019-06-27,2019-06-27,26.42,26.795,26.2,26.65,14890831.0,,,,,,,,,,,,,,,,,,,,,,,,,,,,,,,,,,,,,,,,,,,,,,,,,,,,,,,,,,,,,,,,,,,,,,,,,,,,,,,,,,,,,,,,,,
2019-06-28,2019-06-28,26.0,26.3,25.87,26.13,17624656.0,,,,,,,,,,,,,,,,,,,,,,,,,,,,,,,,,,,,,,,,,,,,,,,,,,,,,,,,,,,,,,,,,,,,,,,,,,,,,,,,,,,,,,,,,,
2019-07-01,2019-07-01,24.56,25.08,24.46,24.55,30302465.0,,,,,,,,,,,,,,,,,,,,,,,,,,,,,,,,,,,,,,,,,,,,,,,,,,,,,,,,,,,,,,,,,,,,,,,,,,,,,,,,,,,,,,,,,,
2019-07-02,2019-07-02,23.65,24.6,23.61,24.6,26022509.0,,,,,,,,,,,,,,,,,,,,,,,,,,,,,,,,,,,,,,,,,,,,,,,,,,,,,,,,,,,,,,,,,,,,,,,,,,,,,,,,,,,,,,,,,,
2019-07-03,2019-07-03,23.51,23.88,23.42,23.67,15809303.0,,,,,,,,,,,,,,,,,,,,,,,,,,,,,,,,,,,,,,,,,,,,,,,,,,,,,,,,,,,,,,,,,,,,,,,,,,,,,,,,,,,,,,,,,,
2019-07-05,2019-07-05,23.58,24.71,23.5,24.01,24124885.0,,,,,,,,,,,,,,,,,,,,,,,,,,,,,,,,,,,,,,,,,,,,,,,,,,,,,,,,,,,,,,,,,,,,,,,,,,,,,,,,,,,,,,,,,,
2019-07-08,2019-07-08,24.23,24.47,23.9,24.12,18014371.0,,,,,,,,,,,,,,,,,,,,,,,,,,,,,,,,,,,,,,,,,,,,,,,,,,,,,,,,,,,,,,,,,,,,,,,,,,,,,,,,,,,,,,,,,,
2019-07-09,2019-07-09,24.3,24.96,24.22,24.96,15024150.0,,,,,,,,,,,,,,,,,,,,,,,,,,,,,,,,,,,,,,,,,,,,,,,,,,,,,,,,,,,,,,,,,,,,,,,,,,,,,,,,,,,,,,,,,,
2019-07-10,2019-07-10,23.56,23.9869,23.495,23.98,19868046.0,,,,,,,,,,,,,,,,,,,,,,,,,,,,,,,,,,,,,,,,,,,,,,,,,,,,,,,,,,,,,,,,,,,,,,,,,,,,,,,,,,,,,,,,,,
2019-07-11,2019-07-11,23.17,23.6,23.025,23.23,21061186.0,,,,,,,,,,,,,,,,,,,,,,,,,,,,,,,,,,,,,,,,,,,,,,,,,,,,,,,,,,,,,,,,,,,,,,,,,,,,,,,,,,,,,,,,,,
2019-07-12,2019-07-12,22.8,23.19,22.75,23.01,18425836.0,,,,,,,,,,,,,,,,,,,,,,,,,,,,,,,,,,,,,,,,,,,,,,,,,,,,,,,,,,,,,,,,,,,,,,,,,,,,,,,,,,,,,,,,,,
2019-07-15,2019-07-15,22.71,22.93,22.58,22.69,15945412.0,,,,,,,,,,,,,,,,,,,,,,,,,,,,,,,,,,,,,,,,,,,,,,,,,,,,,,,,,,,,,,,,,,,,,,,,,,,,,,,,,,,,,,,,,,
2019-07-16,2019-07-16,22.78,22.9,22.29,22.6,25415471.0,,,,,,,,,,,,,,,,,,,,,,,,,,,,,,,,,,,,,,,,,,,,,,,,,,,,,,,,,,,,,,,,,,,,,,,,,,,,,,,,,,,,,,,,,,
2019-07-17,2019-07-17,23.36,23.36,22.44,22.58,29056917.0,,,,,,,,,,,,,,,,,,,,,,,,,,,,,,,,,,,,,,,,,,,,,,,,,,,,,,,,,,,,,,,,,,,,,,,,,,,,,,,,,,,,,,,,,,
2019-07-18,2019-07-18,23.115,23.715,22.71,23.34,27076320.0,,,,,,,,,,,,,,,,,,,,,,,,,,,,,,,,,,,,,,,,,,,,,,,,,,,,,,,,,,,,,,,,,,,,,,,,,,,,,,,,,,,,,,,,,,
2019-07-19,2019-07-19,23.38,23.43,22.59,22.67,26220800.0,,,,,,,,,,,,,,,,,,,,,,,,,,,,,,,,,,,,,,,,,,,,,,,,,,,,,,,,,,,,,,,,,,,,,,,,,,,,,,,,,,,,,,,,,,
2019-07-22,2019-07-22,22.91,23.48,22.74,23.35,21908515.0,,,,,,,,,,,,,,,,,,,,,,,,,,,,,,,,,,,,,,,,,,,,,,,,,,,,,,,,,,,,,,,,,,,,,,,,,,,,,,,,,,,,,,,,,,
2019-07-23,2019-07-23,22.1,22.88,22.08,22.51,18943361.0,,,,,,,,,,,,,,,,,,,,,,,,,,,,,,,,,,,,,,,,,,,,,,,,,,,,,,,,,,,,,,,,,,,,,,,,,,,,,,,,,,,,,,,,,,
2019-07-24,2019-07-24,21.54,22.37,21.41,22.34,18825276.0,,,,,,,,,,,,,,,,,,,,,,,,,,,,,,,,,,,,,,,,,,,,,,,,,,,,,,,,,,,,,,,,,,,,,,,,,,,,,,,,,,,,,,,,,,
2019-07-25,2019-07-25,22.2,22.6,21.66,21.66,29862313.0,,,,,,,,,,,,,,,,,,,,,,,,,,,,,,,,,,,,,,,,,,,,,,,,,,,,,,,,,,,,,,,,,,,,,,,,,,,,,,,,,,,,,,,,,,
2019-07-26,2019-07-26,21.64,21.83,21.46,21.79,18901474.0,,,,,,,,,,,,,,,,,,,,,,,,,,,,,,,,,,,,,,,,,,,,,,,,,,,,,,,,,,,,,,,,,,,,,,,,,,,,,,,,,,,,,,,,,,
2019-07-29,2019-07-29,21.83,22.0,21.59,21.69,16615858.0,,,,,,,,,,,,,,,,,,,,,,,,,,,,,,,,,,,,,,,,,,,,,,,,,,,,,,,,,,,,,,,,,,,,,,,,,,,,,,,,,,,,,,,,,,
2019-07-30,2019-07-30,22.34,22.47,21.94,22.26,23460651.0,,,,,,,,,,,,,,,,,,,,,,,,,,,,,,,,,,,,,,,,,,,,,,,,,,,,,,,,,,,,,,,,,,,,,,,,,,,,,,,,,,,,,,,,,,
2019-07-31,2019-07-31,23.59,24.34,21.93,22.31,53038065.0,,,,,,,,,,,,,,,,,,,,,,,,,,,,,,,,,,,,,,,,,,,,,,,,,,,,,,,,,,,,,,,,,,,,,,,,,,,,,,,,,,,,,,,,,,
2019-08-01,2019-08-01,25.45,26.14,22.555,23.64,109087195.0,,,,,,,,,,,,,,,,,,,,,,,,,,,,,,,,,,,,,,,,,,,,,,,,,,,,,,,,,,,,,,,,,,,,,,,,,,,,,,,,,,,,,,,,,,
2019-08-02,2019-08-02,25.66,26.69,25.27,25.5,71310504.0,,,,,,,,,,,,,,,,,,,,,,,,,,,,,,,,,,,,,,,,,,,,,,,,,,,,,,,,,,,,,,,,,,,,,,,,,,,,,,,,,,,,,,,,,,
2019-08-05,2019-08-05,29.3,29.625,27.28,27.47,86663392.0,,,,,,,,,,,,,,,,,,,,,,,,,,,,,,,,,,,,,,,,,,,,,,,,,,,,,,,,,,,,,,,,,,,,,,,,,,,,,,,,,,,,,,,,,,
2019-08-06,2019-08-06,27.48,29.67,27.48,28.22,59849382.0,,,,,,,,,,,,,,,,,,,,,,,,,,,,,,,,,,,,,,,,,,,,,,,,,,,,,,,,,,,,,,,,,,,,,,,,,,,,,,,,,,,,,,,,,,
2019-08-07,2019-08-07,27.62,30.09,27.48,29.44,54533993.0,,,,,,,,,,,,,,,,,,,,,,,,,,,,,,,,,,,,,,,,,,,,,,,,,,,,,,,,,,,,,,,,,,,,,,,,,,,,,,,,,,,,,,,,,,
2019-08-08,2019-08-08,25.98,27.41,25.87,27.06,34369131.0,,,,,,,,,,,,,,,,,,,,,,,,,,,,,,,,,,,,,,,,,,,,,,,,,,,,,,,,,,,,,,,,,,,,,,,,,,,,,,,,,,,,,,,,,,
2019-08-09,2019-08-09,26.93,27.465,26.18,26.43,38298114.0,,,,,,,,,,,,,,,,,,,,,,,,,,,,,,,,,,,,,,,,,,,,,,,,,,,,,,,,,,,,,,,,,,,,,,,,,,,,,,,,,,,,,,,,,,
2019-08-12,2019-08-12,28.89,28.99,27.25,27.35,28752436.0,,,,,,,,,,,,,,,,,,,,,,,,,,,,,,,,,,,,,,,,,,,,,,,,,,,,,,,,,,,,,,,,,,,,,,,,,,,,,,,,,,,,,,,,,,
2019-08-13,2019-08-13,26.76,29.4,26.71,29.35,41956617.0,,,,,,,,,,,,,,,,,,,,,,,,,,,,,,,,,,,,,,,,,,,,,,,,,,,,,,,,,,,,,,,,,,,,,,,,,,,,,,,,,,,,,,,,,,
2019-08-14,2019-08-14,30.465,30.5,28.07,28.59,67110934.0,,,,,,,,,,,,,,,,,,,,,,,,,,,,,,,,,,,,,,,,,,,,,,,,,,,,,,,,,,,,,,,,,,,,,,,,,,,,,,,,,,,,,,,,,,
2019-08-15,2019-08-15,29.67,31.0,29.3715,29.72,39376746.0,,,,,,,,,,,,,,,,,,,,,,,,,,,,,,,,,,,,,,,,,,,,,,,,,,,,,,,,,,,,,,,,,,,,,,,,,,,,,,,,,,,,,,,,,,
2019-08-16,2019-08-16,28.03,29.14,27.96,29.09,27556919.0,,,,,,,,,,,,,,,,,,,,,,,,,,,,,,,,,,,,,,,,,,,,,,,,,,,,,,,,,,,,,,,,,,,,,,,,,,,,,,,,,,,,,,,,,,
2019-08-19,2019-08-19,25.98,26.9965,25.88,26.85,28490840.0,,,,,,,,,,,,,,,,,,,,,,,,,,,,,,,,,,,,,,,,,,,,,,,,,,,,,,,,,,,,,,,,,,,,,,,,,,,,,,,,,,,,,,,,,,
2019-08-20,2019-08-20,26.6,26.79,26.01,26.26,27521918.0,,,,,,,,,,,,,,,,,,,,,,,,,,,,,,,,,,,,,,,,,,,,,,,,,,,,,,,,,,,,,,,,,,,,,,,,,,,,,,,,,,,,,,,,,,
2019-08-21,2019-08-21,25.3,25.73,25.25,25.53,28577472.0,,,,,,,,,,,,,,,,,,,,,,,,,,,,,,,,,,,,,,,,,,,,,,,,,,,,,,,,,,,,,,,,,,,,,,,,,,,,,,,,,,,,,,,,,,
2019-08-22,2019-08-22,25.75,26.4599,25.075,25.09,31157200.0,,,,,,,,,,,,,,,,,,,,,,,,,,,,,,,,,,,,,,,,,,,,,,,,,,,,,,,,,,,,,,,,,,,,,,,,,,,,,,,,,,,,,,,,,,
2019-08-23,2019-08-23,28.96,29.46,25.46,26.63,78293234.0,,,,,,,,,,,,,,,,,,,,,,,,,,,,,,,,,,,,,,,,,,,,,,,,,,,,,,,,,,,,,,,,,,,,,,,,,,,,,,,,,,,,,,,,,,
2019-08-26,2019-08-26,28.1,28.97,27.44,27.53,32372753.0,,,,,,,,,,,,,,,,,,,,,,,,,,,,,,,,,,,,,,,,,,,,,,,,,,,,,,,,,,,,,,,,,,,,,,,,,,,,,,,,,,,,,,,,,,
2019-08-27,2019-08-27,28.67,29.39,27.54,27.63,26681523.0,,,,,,,,,,,,,,,,,,,,,,,,,,,,,,,,,,,,,,,,,,,,,,,,,,,,,,,,,,,,,,,,,,,,,,,,,,,,,,,,,,,,,,,,,,
2019-08-28,2019-08-28,28.02,29.75,28.0,29.33,28005357.0,,,,,,,,,,,,,,,,,,,,,,,,,,,,,,,,,,,,,,,,,,,,,,,,,,,,,,,,,,,,,,,,,,,,,,,,,,,,,,,,,,,,,,,,,,
2019-08-29,2019-08-29,26.85,27.44,26.58,27.18,28752821.0,,,,,,,,,,,,,,,,,,,,,,,,,,,,,,,,,,,,,,,,,,,,,,,,,,,,,,,,,,,,,,,,,,,,,,,,,,,,,,,,,,,,,,,,,,
2019-08-30,2019-08-30,27.0,27.64,26.3,26.3,28129769.0,,,,,,,,,,,,,,,,,,,,,,,,,,,,,,,,,,,,,,,,,,,,,,,,,,,,,,,,,,,,,,,,,,,,,,,,,,,,,,,,,,,,,,,,,,
2019-09-03,2019-09-03,28.19,28.45,27.52,28.0,36077100.0,,,,,,,,,,,,,,,,,,,,,,,,,,,,,,,,,,,,,,,,,,,,,,,,,,,,,,,,,,,,,,,,,,,,,,,,,,,,,,,,,,,,,,,,,,
2019-09-04,2019-09-04,26.45,27.59,26.43,27.09,36600867.0,,,,,,,,,,,,,,,,,,,,,,,,,,,,,,,,,,,,,,,,,,,,,,,,,,,,,,,,,,,,,,,,,,,,,,,,,,,,,,,,,,,,,,,,,,
2019-09-05,2019-09-05,25.47,25.85,25.15,25.79,41559964.0,,,,,,,,,,,,,,,,,,,,,,,,,,,,,,,,,,,,,,,,,,,,,,,,,,,,,,,,,,,,,,,,,,,,,,,,,,,,,,,,,,,,,,,,,,
2019-09-06,2019-09-06,24.72,25.315,24.6,25.14,30572398.0,,,,,,,,,,,,,,,,,,,,,,,,,,,,,,,,,,,,,,,,,,,,,,,,,,,,,,,,,,,,,,,,,,,,,,,,,,,,,,,,,,,,,,,,,,
2019-09-09,2019-09-09,24.48,25.14,24.22,24.27,31222789.0,,,,,,,,,,,,,,,,,,,,,,,,,,,,,,,,,,,,,,,,,,,,,,,,,,,,,,,,,,,,,,,,,,,,,,,,,,,,,,,,,,,,,,,,,,
2019-09-10,2019-09-10,24.4,25.18,24.34,24.82,29914315.0,,,,,,,,,,,,,,,,,,,,,,,,,,,,,,,,,,,,,,,,,,,,,,,,,,,,,,,,,,,,,,,,,,,,,,,,,,,,,,,,,,,,,,,,,,
2019-09-11,2019-09-11,24.02,24.46,23.86,24.37,33546901.0,,,,,,,,,,,,,,,,,,,,,,,,,,,,,,,,,,,,,,,,,,,,,,,,,,,,,,,,,,,,,,,,,,,,,,,,,,,,,,,,,,,,,,,,,,
2019-09-12,2019-09-12,23.45,23.9,23.17,23.57,42894510.0,,,,,,,,,,,,,,,,,,,,,,,,,,,,,,,,,,,,,,,,,,,,,,,,,,,,,,,,,,,,,,,,,,,,,,,,,,,,,,,,,,,,,,,,,,
2019-09-13,2019-09-13,23.08,23.33,22.82,23.16,32599380.0,,,,,,,,,,,,,,,,,,,,,,,,,,,,,,,,,,,,,,,,,,,,,,,,,,,,,,,,,,,,,,,,,,,,,,,,,,,,,,,,,,,,,,,,,,
2019-09-16,2019-09-16,23.42,23.67,23.01,23.6,27943659.0,,,,,,,,,,,,,,,,,,,,,,,,,,,,,,,,,,,,,,,,,,,,,,,,,,,,,,,,,,,,,,,,,,,,,,,,,,,,,,,,,,,,,,,,,,
2019-09-17,2019-09-17,23.31,23.73,23.29,23.49,25161317.0,,,,,,,,,,,,,,,,,,,,,,,,,,,,,,,,,,,,,,,,,,,,,,,,,,,,,,,,,,,,,,,,,,,,,,,,,,,,,,,,,,,,,,,,,,
2019-09-18,2019-09-18,22.56,23.6915,22.5,23.1,54380388.0,,,,,,,,,,,,,,,,,,,,,,,,,,,,,,,,,,,,,,,,,,,,,,,,,,,,,,,,,,,,,,,,,,,,,,,,,,,,,,,,,,,,,,,,,,
2019-09-19,2019-09-19,22.15,22.315,21.8,22.25,33074777.0,,,,,,,,,,,,,,,,,,,,,,,,,,,,,,,,,,,,,,,,,,,,,,,,,,,,,,,,,,,,,,,,,,,,,,,,,,,,,,,,,,,,,,,,,,
2019-09-20,2019-09-20,23.29,23.48,21.83,21.92,38357372.0,,,,,,,,,,,,,,,,,,,,,,,,,,,,,,,,,,,,,,,,,,,,,,,,,,,,,,,,,,,,,,,,,,,,,,,,,,,,,,,,,,,,,,,,,,
2019-09-23,2019-09-23,23.09,23.44,22.7,23.38,23116668.0,,,,,,,,,,,,,,,,,,,,,,,,,,,,,,,,,,,,,,,,,,,,,,,,,,,,,,,,,,,,,,,,,,,,,,,,,,,,,,,,,,,,,,,,,,
2019-09-24,2019-09-24,24.16,24.34,22.45,22.52,63880942.0,,,,,,,,,,,,,,,,,,,,,,,,,,,,,,,,,,,,,,,,,,,,,,,,,,,,,,,,,,,,,,,,,,,,,,,,,,,,,,,,,,,,,,,,,,
2019-09-25,2019-09-25,23.61,24.97,23.4,24.1,43369035.0,,,,,,,,,,,,,,,,,,,,,,,,,,,,,,,,,,,,,,,,,,,,,,,,,,,,,,,,,,,,,,,,,,,,,,,,,,,,,,,,,,,,,,,,,,
2019-09-26,2019-09-26,23.81,24.26,23.53,23.55,31422590.0,,,,,,,,,,,,,,,,,,,,,,,,,,,,,,,,,,,,,,,,,,,,,,,,,,,,,,,,,,,,,,,,,,,,,,,,,,,,,,,,,,,,,,,,,,
2019-09-27,2019-09-27,24.46,25.115,23.38,23.51,54237460.0,,,,,,,,,,,,,,,,,,,,,,,,,,,,,,,,,,,,,,,,,,,,,,,,,,,,,,,,,,,,,,,,,,,,,,,,,,,,,,,,,,,,,,,,,,
2019-09-30,2019-09-30,23.74,24.21,23.48,24.18,24118716.0,,,,,,,,,,,,,,,,,,,,,,,,,,,,,,,,,,,,,,,,,,,,,,,,,,,,,,,,,,,,,,,,,,,,,,,,,,,,,,,,,,,,,,,,,,
2019-10-01,2019-10-01,24.79,24.8,23.05,23.13,48062831.0,,,,,,,,,,,,,,,,,,,,,,,,,,,,,,,,,,,,,,,,,,,,,,,,,,,,,,,,,,,,,,,,,,,,,,,,,,,,,,,,,,,,,,,,,,
2019-10-02,2019-10-02,26.45,26.76,25.47,25.48,84176579.0,,,,,,,,,,,,,,,,,,,,,,,,,,,,,,,,,,,,,,,,,,,,,,,,,,,,,,,,,,,,,,,,,,,,,,,,,,,,,,,,,,,,,,,,,,
2019-10-03,2019-10-03,25.44,27.1,25.43,26.36,51516387.0,,,,,,,,,,,,,,,,,,,,,,,,,,,,,,,,,,,,,,,,,,,,,,,,,,,,,,,,,,,,,,,,,,,,,,,,,,,,,,,,,,,,,,,,,,
2019-10-04,2019-10-04,24.09,25.27,24.05,25.25,29824933.0,,,,,,,,,,,,,,,,,,,,,,,,,,,,,,,,,,,,,,,,,,,,,,,,,,,,,,,,,,,,,,,,,,,,,,,,,,,,,,,,,,,,,,,,,,
2019-10-07,2019-10-07,24.27,24.68,23.76,24.42,29089980.0,,,,,,,,,,,,,,,,,,,,,,,,,,,,,,,,,,,,,,,,,,,,,,,,,,,,,,,,,,,,,,,,,,,,,,,,,,,,,,,,,,,,,,,,,,
2019-10-08,2019-10-08,26.24,26.27,24.93,25.2,49469482.0,,,,,,,,,,,,,,,,,,,,,,,,,,,,,,,,,,,,,,,,,,,,,,,,,,,,,,,,,,,,,,,,,,,,,,,,,,,,,,,,,,,,,,,,,,
2019-10-09,2019-10-09,25.36,25.83,24.76,25.45,30012701.0,,,,,,,,,,,,,,,,,,,,,,,,,,,,,,,,,,,,,,,,,,,,,,,,,,,,,,,,,,,,,,,,,,,,,,,,,,,,,,,,,,,,,,,,,,
2019-10-10,2019-10-10,24.43,25.4,24.355,25.32,34818530.0,,,,,,,,,,,,,,,,,,,,,,,,,,,,,,,,,,,,,,,,,,,,,,,,,,,,,,,,,,,,,,,,,,,,,,,,,,,,,,,,,,,,,,,,,,
2019-10-11,2019-10-11,23.02,23.82,22.62,23.7,74386222.0,,,,,,,,,,,,,,,,,,,,,,,,,,,,,,,,,,,,,,,,,,,,,,,,,,,,,,,,,,,,,,,,,,,,,,,,,,,,,,,,,,,,,,,,,,
2019-10-14,2019-10-14,22.27,23.11,22.24,23.09,30104234.0,,,,,,,,,,,,,,,,,,,,,,,,,,,,,,,,,,,,,,,,,,,,,,,,,,,,,,,,,,,,,,,,,,,,,,,,,,,,,,,,,,,,,,,,,,
2019-10-15,2019-10-15,21.69,21.9,21.36,21.84,46193742.0,,,,,,,,,,,,,,,,,,,,,,,,,,,,,,,,,,,,,,,,,,,,,,,,,,,,,,,,,,,,,,,,,,,,,,,,,,,,,,,,,,,,,,,,,,
2019-10-16,2019-10-16,21.42,21.88,21.37,21.66,28359123.0,,,,,,,,,,,,,,,,,,,,,,,,,,,,,,,,,,,,,,,,,,,,,,,,,,,,,,,,,,,,,,,,,,,,,,,,,,,,,,,,,,,,,,,,,,
2019-10-17,2019-10-17,21.29,21.43,20.965,21.21,26156003.0,,,,,,,,,,,,,,,,,,,,,,,,,,,,,,,,,,,,,,,,,,,,,,,,,,,,,,,,,,,,,,,,,,,,,,,,,,,,,,,,,,,,,,,,,,
2019-10-18,2019-10-18,21.24,21.76,21.03,21.38,32607762.0,,,,,,,,,,,,,,,,,,,,,,,,,,,,,,,,,,,,,,,,,,,,,,,,,,,,,,,,,,,,,,,,,,,,,,,,,,,,,,,,,,,,,,,,,,
